
NUMPOLLIES 23

v 71.500000 10.000000 -25.000000
v 66.500000 10.000000 -25.000000
v 79.000000 10.000000 -17.499998
v 59.000000 10.000000 -17.500002
v 79.000000 10.000000 -12.499998
v 59.000000 10.000000 -12.500002
v 66.500000 10.000000 -5.000000
v 66.500000 10.000001 35.000000
v 71.500000 10.000001 -5.000000
v 71.500000 10.000001 5.000000
v 66.500000 10.000001 5.000000
v 76.500000 10.000001 10.000000
v 61.500000 10.000001 10.000000
v 76.500000 10.000001 20.000000
v 61.500000 10.000001 20.000000
v 71.500000 10.000001 25.000000
v 66.500000 10.000001 25.000000
v 31.500000 10.000001 39.999996
v 31.500000 10.000001 34.999996
v 71.500000 10.000001 40.000004
v 61.500000 10.000001 40.000000
v 56.500000 10.000001 45.000000
v 46.500000 10.000001 45.000000
v 41.500000 10.000001 39.999996
f 4 2 1
f 6 4 1
f 7 6 1
f 1 3 1
f 3 5 1
f 2 1 1
f 8 17 1
f 9 10 1
f 13 11 1
f 15 13 1
f 17 15 1
f 10 12 1
f 12 14 1
f 14 16 1
f 23 24 1
f 21 22 1
f 22 23 1
f 24 18 1
f 20 21 1
f 16 20 1
f 19 8 1
f 5 9 1
f 11 7 1
