2 1 -170.000 -70.000 -130.000 -30.000
2 2 -120.000 -20.000 -80.000 20.000
2 3 -70.000 30.000 -30.000 70.000
2 4 -70.000 -70.000 -30.000 -30.000
2 5 -20.000 -20.000 20.000 20.000
2 6 30.000 30.000 70.000 70.000
2 7 30.000 -70.000 70.000 -30.000
2 8 80.000 -20.000 120.000 20.000
2 9 130.000 -70.000 170.000 -30.000
12 11 -170.000 -70.000 -130.000 -30.000
12 12 -120.000 -20.000 -80.000 20.000
12 13 -70.000 30.000 -30.000 70.000
12 14 -70.000 -70.000 -30.000 -30.000
12 15 -20.000 -20.000 20.000 20.000
12 16 30.000 30.000 70.000 70.000
12 17 30.000 -70.000 70.000 -30.000
12 18 80.000 -20.000 120.000 20.000
12 19 130.000 -70.000 170.000 -30.000
12 21 -170.000 -70.000 -130.000 -30.000
12 22 -120.000 -20.000 -80.000 20.000
12 23 -70.000 30.000 -30.000 70.000
12 24 -70.000 -70.000 -30.000 -30.000
12 25 -20.000 -20.000 20.000 20.000
12 26 30.000 30.000 70.000 70.000
12 27 30.000 -70.000 70.000 -30.000
12 28 80.000 -20.000 120.000 20.000
12 29 130.000 -70.000 170.000 -30.000
90 2 13.000 -10.000 -13.000 0.000
100 100 -143.125 0.000 -66.875 135.000
200 1 -143.125 0.000 -66.875 0.000
201 9 166.875 60.000 -43.125 0.000
203 9 133.125 60.000 -56.875 0.000
202 8 93.125 40.000 16.875 0.000
203 8 106.875 40.000 -16.875 0.000
202 7 66.875 40.000 -43.125 0.000
203 7 33.125 40.000 -56.875 0.000
202 6 56.875 20.000 33.125 0.000
203 6 43.125 20.000 66.875 0.000
202 5 -16.875 20.000 -6.875 0.000
203 5 16.875 20.000 6.875 0.000
202 4 -43.125 20.000 -66.875 0.000
203 4 -56.875 20.000 -33.125 0.000
202 3 -56.875 0.000 66.875 0.000
203 3 -43.125 0.000 33.125 0.000
202 2 -83.125 0.000 6.875 0.000
203 2 -116.875 0.000 -6.875 0.000
202 1 -156.875 0.000 -33.125 0.000
300 300 0.000 0.000 0.000 0.000
300 301 0.000 0.000 0.000 0.000
300 302 0.000 0.000 0.000 0.000
300 303 0.000 0.000 0.000 0.000
300 304 0.000 0.000 0.000 0.000
300 305 0.000 0.000 0.000 0.000
190 191 -163.0 0.0 -36.0 30.0
120 123 -159.0 0.0 -36.0 60.0
120 123 -155.0 0.0 -36.0 120.0
120 123 -151.0 0.0 -36.0 150.0
120 127 -147.0 0.0 -36.0 210.0
120 123 -143.0 0.0 -36.0 240.0
120 127 -163.0 0.0 -42.0 300.0
190 190 -159.0 0.0 -42.0 330.0
120 127 -155.0 0.0 -42.0 30.0
120 123 -151.0 0.0 -42.0 60.0
120 123 -147.0 0.0 -42.0 120.0
120 121 -143.0 0.0 -42.0 150.0
120 127 -163.0 0.0 -48.0 210.0
120 123 -159.0 0.0 -48.0 240.0
190 191 -155.0 0.0 -48.0 300.0
120 127 -151.0 0.0 -48.0 330.0
120 127 -147.0 0.0 -48.0 30.0
120 123 -143.0 0.0 -48.0 60.0
120 121 -163.0 0.0 -54.0 120.0
120 123 -159.0 0.0 -54.0 150.0
120 127 -155.0 0.0 -54.0 210.0
190 191 -151.0 0.0 -54.0 240.0
120 127 -147.0 0.0 -54.0 300.0
120 121 -143.0 0.0 -54.0 330.0
220 222 -153.0 0.0 -54.0 0.0
190 191 -110.0 0.0 14.0 30.0
120 123 -104.0 0.0 14.0 60.0
120 123 -98.0 0.0 14.0 120.0
120 121 -92.0 0.0 14.0 150.0
120 123 -110.0 0.0 8.0 210.0
190 191 -104.0 0.0 8.0 240.0
120 123 -98.0 0.0 8.0 300.0
120 127 -92.0 0.0 8.0 330.0
120 127 -110.0 0.0 2.0 30.0
120 127 -104.0 0.0 2.0 60.0
190 190 -98.0 0.0 2.0 120.0
120 127 -92.0 0.0 2.0 150.0
120 127 -110.0 0.0 -4.0 210.0
120 121 -104.0 0.0 -4.0 240.0
120 123 -98.0 0.0 -4.0 300.0
190 191 -92.0 0.0 -4.0 330.0
120 123 -110.0 0.0 -10.0 30.0
120 123 -104.0 0.0 -10.0 60.0
120 127 -98.0 0.0 -10.0 120.0
120 123 -92.0 0.0 -10.0 150.0
220 220 -100.0 0.0 -4.0 0.0
220 220 -96.0 0.0 0.0 0.0
190 190 -65.0 0.0 62.0 30.0
120 121 -59.0 0.0 62.0 60.0
120 127 -53.0 0.0 62.0 120.0
120 121 -47.0 0.0 62.0 150.0
120 123 -41.0 0.0 62.0 210.0
120 123 -65.0 0.0 56.0 240.0
190 191 -59.0 0.0 56.0 300.0
120 123 -53.0 0.0 56.0 330.0
120 121 -47.0 0.0 56.0 30.0
120 121 -41.0 0.0 56.0 60.0
120 127 -65.0 0.0 50.0 120.0
120 121 -59.0 0.0 50.0 150.0
190 190 -53.0 0.0 50.0 210.0
120 127 -47.0 0.0 50.0 240.0
120 127 -41.0 0.0 50.0 300.0
120 127 -65.0 0.0 44.0 330.0
120 121 -59.0 0.0 44.0 30.0
120 127 -53.0 0.0 44.0 60.0
190 190 -47.0 0.0 44.0 120.0
120 127 -41.0 0.0 44.0 150.0
101 102 -50.0 0.0 40.0 0.0
190 190 -64.0 20.0 -36.0 30.0
120 121 -60.0 20.0 -36.0 60.0
120 123 -56.0 20.0 -36.0 120.0
120 121 -52.0 20.0 -36.0 150.0
120 121 -48.0 20.0 -36.0 210.0
120 127 -44.0 20.0 -36.0 240.0
120 127 -64.0 20.0 -42.0 300.0
190 191 -60.0 20.0 -42.0 330.0
120 127 -56.0 20.0 -42.0 30.0
120 127 -52.0 20.0 -42.0 60.0
120 121 -48.0 20.0 -42.0 120.0
120 121 -44.0 20.0 -42.0 150.0
120 127 -64.0 20.0 -48.0 210.0
120 127 -60.0 20.0 -48.0 240.0
190 191 -56.0 20.0 -48.0 300.0
120 127 -52.0 20.0 -48.0 330.0
120 127 -48.0 20.0 -48.0 30.0
120 123 -44.0 20.0 -48.0 60.0
120 127 -64.0 20.0 -54.0 120.0
120 123 -60.0 20.0 -54.0 150.0
120 123 -56.0 20.0 -54.0 210.0
190 190 -52.0 20.0 -54.0 240.0
120 127 -48.0 20.0 -54.0 300.0
120 127 -44.0 20.0 -54.0 330.0
220 225 -46.0 20.0 -50.0 90.0
190 190 -11.0 20.0 14.0 30.0
120 121 -5.0 20.0 14.0 60.0
120 121 1.0 20.0 14.0 120.0
120 123 7.0 20.0 14.0 150.0
120 123 -11.0 20.0 6.0 210.0
190 190 -5.0 20.0 6.0 240.0
120 121 1.0 20.0 6.0 300.0
120 121 7.0 20.0 6.0 330.0
120 121 -11.0 20.0 -2.0 30.0
120 127 -5.0 20.0 -2.0 60.0
190 190 1.0 20.0 -2.0 120.0
120 121 7.0 20.0 -2.0 150.0
120 123 -11.0 20.0 -10.0 210.0
120 121 -5.0 20.0 -10.0 240.0
120 127 1.0 20.0 -10.0 300.0
190 191 7.0 20.0 -10.0 330.0
101 103 10.0 20.0 0.0 0.0
190 191 35.0 20.0 62.0 30.0
120 127 41.0 20.0 62.0 60.0
120 121 47.0 20.0 62.0 120.0
120 123 53.0 20.0 62.0 150.0
120 127 59.0 20.0 62.0 210.0
120 121 35.0 20.0 56.0 240.0
190 191 41.0 20.0 56.0 300.0
120 127 47.0 20.0 56.0 330.0
120 123 53.0 20.0 56.0 30.0
120 127 59.0 20.0 56.0 60.0
120 127 35.0 20.0 50.0 120.0
120 123 41.0 20.0 50.0 150.0
190 190 47.0 20.0 50.0 210.0
120 121 53.0 20.0 50.0 240.0
120 123 59.0 20.0 50.0 300.0
120 127 35.0 20.0 44.0 330.0
120 123 41.0 20.0 44.0 30.0
120 121 47.0 20.0 44.0 60.0
190 190 53.0 20.0 44.0 120.0
120 127 59.0 20.0 44.0 150.0
220 223 53.0 20.0 60.0 0.0
190 191 40.0 40.0 -35.0 30.0
120 127 46.0 40.0 -35.0 60.0
120 127 52.0 40.0 -35.0 120.0
120 127 40.0 40.0 -39.0 150.0
190 190 46.0 40.0 -39.0 210.0
120 121 52.0 40.0 -39.0 240.0
120 123 40.0 40.0 -43.0 300.0
120 127 46.0 40.0 -43.0 330.0
190 191 52.0 40.0 -43.0 30.0
120 127 40.0 40.0 -47.0 60.0
120 121 46.0 40.0 -47.0 120.0
120 127 52.0 40.0 -47.0 150.0
120 127 40.0 40.0 -51.0 210.0
120 123 46.0 40.0 -51.0 240.0
120 127 52.0 40.0 -51.0 300.0
120 127 40.0 40.0 -55.0 330.0
120 121 46.0 40.0 -55.0 30.0
120 123 52.0 40.0 -55.0 60.0
120 121 40.0 40.0 -59.0 120.0
120 121 46.0 40.0 -59.0 150.0
120 127 52.0 40.0 -59.0 210.0
220 221 54.0 40.0 -57.0 90.0
190 191 88.0 40.0 10.0 30.0
120 127 92.0 40.0 10.0 60.0
120 127 96.0 40.0 10.0 120.0
120 127 100.0 40.0 10.0 150.0
120 121 104.0 40.0 10.0 210.0
120 127 108.0 40.0 10.0 240.0
120 121 112.0 40.0 10.0 300.0
120 121 88.0 40.0 4.0 330.0
190 191 92.0 40.0 4.0 30.0
120 123 96.0 40.0 4.0 60.0
120 123 100.0 40.0 4.0 120.0
120 127 104.0 40.0 4.0 150.0
120 121 108.0 40.0 4.0 210.0
120 127 112.0 40.0 4.0 240.0
120 121 88.0 40.0 -2.0 300.0
120 123 92.0 40.0 -2.0 330.0
190 191 96.0 40.0 -2.0 30.0
120 123 100.0 40.0 -2.0 60.0
120 123 104.0 40.0 -2.0 120.0
120 121 108.0 40.0 -2.0 150.0
120 123 112.0 40.0 -2.0 210.0
190 190 140.0 60.0 -35.0 30.0
120 127 146.0 60.0 -35.0 60.0
120 127 152.0 60.0 -35.0 120.0
120 127 140.0 60.0 -39.0 150.0
190 190 146.0 60.0 -39.0 210.0
120 127 152.0 60.0 -39.0 240.0
120 127 140.0 60.0 -43.0 300.0
120 127 146.0 60.0 -43.0 330.0
190 190 152.0 60.0 -43.0 30.0
120 123 140.0 60.0 -47.0 60.0
120 121 146.0 60.0 -47.0 120.0
120 121 152.0 60.0 -47.0 150.0
120 127 140.0 60.0 -51.0 210.0
120 123 146.0 60.0 -51.0 240.0
120 121 152.0 60.0 -51.0 300.0
120 127 140.0 60.0 -55.0 330.0
120 121 146.0 60.0 -55.0 30.0
120 123 152.0 60.0 -55.0 60.0
120 123 140.0 60.0 -59.0 120.0
120 127 146.0 60.0 -59.0 150.0
120 121 152.0 60.0 -59.0 210.0
120 139 160.0 60.0 -37.0 90.0
220 221 146.0 60.0 -45.0 90.0
190 190 138.0 60.0 -54.0 0.0
190 191 136.0 60.0 -53.0 0.0
