
NUMPOLLIES 21

v -31.250000 0.000000 59.999996
v -41.250000 0.000000 59.999996
v -48.750000 0.000000 59.999996
v -20.000000 0.000000 48.750000
v -48.750000 0.000000 20.000000
v -60.000000 0.000000 48.749992
v -60.000000 0.000000 42.499992
v -60.000000 0.000000 31.249992
v -36.500000 0.000000 60.000000
v -29.000000 0.000000 67.500000
v -49.000000 0.000000 67.500000
v -29.000000 0.000000 72.500000
v -49.000000 0.000000 72.500000
v -36.500000 0.000000 80.000000
v -41.500000 0.000000 80.000000
v -67.500000 0.000000 30.000000
v -72.500000 0.000000 30.000000
v -60.000000 0.000000 37.500000
v -80.000000 0.000000 37.500000
v -80.000000 0.000000 42.500000
v -67.500000 0.000000 50.000000
v -72.500000 0.000000 50.000000
f 8 5 1
f 6 7 1
f 4 1 1
f 3 6 1
f 2 3 1
f 14 15 1
f 13 11 1
f 15 13 1
f 12 14 1
f 10 12 1
f 9 10 1
f 20 19 1
f 19 17 1
f 17 16 1
f 16 18 1
f 21 22 1
f 22 20 1
f 18 8 1
f 7 21 1
f 11 2 1
f 1 9 1
