
NUMPOLLIES 17

v 25.000000 0.000000 -19.500000
v 20.000002 0.000000 -19.500000
v 32.500000 0.000000 -11.999998
v 12.500002 0.000000 -12.000001
v 32.499996 0.000000 -6.999998
v 12.500000 0.000000 -7.000001
v 24.999998 0.000000 0.500000
v 19.999998 0.000000 0.500000
v 72.500000 0.000000 -11.999995
v 72.500000 0.000000 -6.999995
v 42.500000 0.000000 -12.000001
v 42.500000 0.000000 -7.000002
v 47.500000 0.000000 -17.000000
v 47.499996 0.000000 -2.000001
v 57.500000 0.000000 -16.999998
v 57.500000 0.000000 -1.999999
v 62.500000 0.000000 -11.999997
v 62.500000 0.000000 -6.999997
f 8 6 1
f 1 3 1
f 5 7 1
f 4 2 1
f 11 13 1
f 15 17 1
f 18 16 1
f 14 12 1
f 17 9 1
f 10 18 1
f 13 15 1
f 16 14 1
f 3 11 1
f 12 5 1
f 2 1 1
f 7 8 1
f 6 4 1
