9 1 15.000 55.000 35.000 55.000
9 2 65.000 60.000 70.000 40.000
9 3 85.000 10.000 110.000 10.000
9 4 140.000 10.000 170.000 10.000
9 5 55.000 -10.000 15.000 -10.000
9 6 -35.000 5.000 -70.000 20.000
9 7 -85.000 -10.000 -115.000 -15.000
9 8 -105.000 -50.000 -90.000 -90.000
9 9 -80.000 -130.000 -50.000 -100.000
90 9 13.000 -10.000 -13.000 0.000
100 100 25.625 0.000 48.025 180.000
200 1 25.625 0.000 48.025 0.000
203 6 -13.125 10.000 -5.125 0.000
202 5 18.125 0.000 -5.125 0.000
204 3 117.500 0.000 8.000 0.000
300 300 0.000 0.000 0.000 0.000
300 301 0.000 0.000 0.000 0.000
300 302 0.000 0.000 0.000 0.000
300 303 0.000 0.000 0.000 0.000
300 304 0.000 0.000 0.000 0.000
300 305 0.000 0.000 0.000 0.000
190 192 24.0 0.0 78.0 30.0
120 135 24.0 0.0 72.0 60.0
120 135 24.0 0.0 66.0 120.0
120 134 24.0 0.0 60.0 150.0
190 193 10.0 0.0 78.0 30.0
120 135 16.0 0.0 78.0 60.0
120 134 22.0 0.0 78.0 120.0
190 192 5.0 0.0 78.0 30.0
120 122 5.0 0.0 71.0 60.0
120 135 5.0 0.0 64.0 120.0
120 134 5.0 0.0 57.0 150.0
120 134 5.0 0.0 50.0 210.0
120 135 5.0 0.0 43.0 240.0
120 135 5.0 0.0 36.0 300.0
190 193 5.0 0.0 34.0 30.0
120 135 8.0 0.0 34.0 60.0
120 122 11.0 0.0 34.0 120.0
120 135 14.0 0.0 34.0 150.0
120 134 17.0 0.0 34.0 210.0
190 192 19.0 0.0 34.0 30.0
120 122 23.0 0.0 34.0 60.0
120 122 27.0 0.0 34.0 120.0
120 134 19.0 0.0 29.0 150.0
190 193 23.0 0.0 29.0 210.0
120 134 27.0 0.0 29.0 240.0
101 102 20.0 0.0 30.0 0.0
190 190 31.0 0.0 34.0 30.0
120 134 34.0 0.0 34.0 60.0
120 122 37.0 0.0 34.0 120.0
120 134 40.0 0.0 34.0 150.0
120 134 43.0 0.0 34.0 210.0
120 134 46.0 0.0 34.0 240.0
190 191 45.0 0.0 68.0 30.0
120 135 45.0 0.0 65.0 60.0
120 135 45.0 0.0 62.0 120.0
120 134 45.0 0.0 59.0 150.0
120 134 45.0 0.0 56.0 210.0
120 134 45.0 0.0 53.0 240.0
190 193 48.0 0.0 69.0 30.0
120 135 51.0 0.0 69.0 60.0
120 122 54.0 0.0 69.0 120.0
120 135 57.0 0.0 69.0 150.0
120 134 60.0 0.0 69.0 210.0
120 122 63.0 0.0 69.0 240.0
190 193 70.0 0.0 73.0 30.0
120 135 70.0 0.0 69.0 60.0
120 122 70.0 0.0 65.0 120.0
220 222 73.0 0.0 75.0 0.0
190 190 74.0 0.0 61.0 30.0
120 134 74.0 0.0 55.0 60.0
120 135 74.0 0.0 49.0 120.0
120 135 74.0 0.0 43.0 150.0
120 134 74.0 0.0 37.0 210.0
190 193 74.0 0.0 27.0 30.0
120 122 79.0 0.0 27.0 60.0
120 122 84.0 0.0 27.0 120.0
120 122 74.0 0.0 25.0 150.0
190 193 79.0 0.0 25.0 210.0
120 134 84.0 0.0 25.0 240.0
190 192 89.0 0.0 24.0 120.0
120 122 90.0 0.0 22.0 150.0
120 134 93.0 0.0 19.0 240.0
120 122 95.0 0.0 18.0 300.0
190 190 96.0 0.0 16.0 30.0
120 134 102.0 0.0 16.0 60.0
120 134 108.0 0.0 16.0 120.0
120 134 114.0 0.0 16.0 150.0
120 134 96.0 0.0 8.0 210.0
190 193 102.0 0.0 8.0 240.0
120 135 108.0 0.0 8.0 300.0
120 122 114.0 0.0 8.0 330.0
120 122 96.0 0.0 0.0 30.0
120 134 102.0 0.0 0.0 60.0
190 190 108.0 0.0 0.0 120.0
120 135 114.0 0.0 0.0 150.0
101 104 105.0 0.0 12.0 0.0
220 223 106.0 0.0 6.0 0.0
190 192 110.0 0.0 25.0 30.0
120 122 114.0 0.0 25.0 60.0
120 134 110.0 0.0 21.0 120.0
190 192 114.0 0.0 21.0 150.0
190 193 110.0 0.0 -2.0 30.0
120 122 116.0 0.0 -2.0 60.0
120 134 110.0 0.0 -6.0 120.0
190 193 116.0 0.0 -6.0 150.0
190 193 96.0 0.0 -1.0 30.0
120 134 94.0 0.0 -2.0 60.0
120 134 91.0 0.0 -4.0 150.0
190 190 91.0 0.0 -7.0 210.0
190 190 59.0 0.0 -8.0 30.0
120 134 67.0 0.0 -8.0 60.0
120 134 75.0 0.0 -8.0 120.0
120 135 83.0 0.0 -8.0 150.0
190 191 149.0 0.0 13.0 30.0
120 134 157.0 0.0 13.0 60.0
120 122 149.0 0.0 9.0 120.0
190 192 157.0 0.0 9.0 150.0
120 135 149.0 0.0 5.0 210.0
120 122 157.0 0.0 5.0 240.0
190 191 168.0 0.0 23.0 30.0
120 135 172.0 0.0 23.0 60.0
120 135 176.0 0.0 23.0 120.0
120 122 168.0 0.0 15.0 150.0
190 191 172.0 0.0 15.0 210.0
120 134 176.0 0.0 15.0 240.0
120 122 168.0 0.0 7.0 300.0
120 134 172.0 0.0 7.0 330.0
190 192 176.0 0.0 7.0 30.0
120 135 168.0 0.0 -1.0 60.0
120 135 172.0 0.0 -1.0 120.0
120 135 176.0 0.0 -1.0 150.0
101 105 179.0 0.0 9.0 0.0
190 190 143.0 0.0 7.0 90.0
190 192 145.0 0.0 9.0 90.0
190 192 48.0 0.0 -3.0 30.0
120 134 50.0 0.0 -3.0 60.0
120 122 52.0 0.0 -3.0 120.0
120 135 54.0 0.0 -3.0 150.0
120 134 56.0 0.0 -3.0 210.0
120 134 48.0 0.0 -9.0 240.0
190 190 50.0 0.0 -9.0 300.0
120 122 52.0 0.0 -9.0 330.0
120 122 54.0 0.0 -9.0 30.0
120 122 56.0 0.0 -9.0 60.0
190 192 29.0 0.0 -8.0 30.0
120 134 35.0 0.0 -8.0 60.0
120 134 41.0 0.0 -8.0 120.0
120 135 29.0 0.0 -10.0 150.0
190 191 35.0 0.0 -10.0 210.0
120 135 41.0 0.0 -10.0 240.0
190 190 22.0 0.0 -3.0 30.0
120 134 24.0 0.0 -3.0 60.0
120 134 26.0 0.0 -3.0 120.0
120 134 22.0 0.0 -9.0 150.0
190 192 24.0 0.0 -9.0 210.0
120 122 26.0 0.0 -9.0 240.0
190 192 15.0 0.0 -9.0 30.0
120 122 18.0 0.0 -9.0 60.0
120 135 15.0 0.0 -13.0 120.0
190 192 18.0 0.0 -13.0 150.0
190 191 -22.0 10.0 -9.0 30.0
120 135 -19.0 10.0 -9.0 60.0
120 122 -16.0 10.0 -9.0 120.0
120 135 -13.0 10.0 -9.0 150.0
120 134 -22.0 10.0 -13.0 210.0
190 190 -19.0 10.0 -13.0 240.0
120 135 -16.0 10.0 -13.0 300.0
120 135 -13.0 10.0 -13.0 330.0
190 190 -22.0 10.0 -3.0 30.0
120 134 -20.0 10.0 -3.0 60.0
120 122 -18.0 10.0 -3.0 120.0
120 134 -22.0 10.0 -7.0 150.0
190 192 -20.0 10.0 -7.0 210.0
120 122 -18.0 10.0 -7.0 240.0
190 191 -50.0 10.0 -8.0 30.0
120 135 -42.0 10.0 -8.0 60.0
120 134 -34.0 10.0 -8.0 120.0
190 191 -49.0 10.0 26.0 30.0
120 134 -49.0 10.0 18.0 60.0
120 134 -49.0 10.0 10.0 120.0
120 134 -49.0 10.0 2.0 150.0
120 135 -49.0 10.0 -6.0 210.0
190 190 -72.0 10.0 37.0 30.0
120 134 -66.0 10.0 37.0 60.0
120 122 -60.0 10.0 37.0 120.0
120 134 -72.0 10.0 35.0 150.0
190 192 -66.0 10.0 35.0 210.0
120 134 -60.0 10.0 35.0 240.0
190 191 -50.0 10.0 28.0 120.0
120 134 -50.0 10.0 31.0 150.0
120 134 -53.0 10.0 32.0 240.0
120 135 -58.0 10.0 42.0 330.0
190 193 -59.0 10.0 39.0 30.0
120 134 -60.0 10.0 44.0 60.0
120 135 -62.0 10.0 46.0 150.0
190 193 -62.0 10.0 49.0 210.0
120 135 -65.0 10.0 46.0 240.0
120 122 -67.0 10.0 46.0 330.0
120 122 -69.0 10.0 46.0 60.0
190 190 -71.0 10.0 46.0 120.0
120 134 -71.0 10.0 43.0 150.0
120 134 -71.0 10.0 39.0 240.0
190 191 -75.0 10.0 34.0 300.0
120 135 -75.0 10.0 32.0 330.0
120 134 -77.0 10.0 29.0 60.0
190 191 -84.0 10.0 27.0 30.0
120 122 -84.0 10.0 19.0 60.0
120 122 -84.0 10.0 11.0 120.0
120 134 -84.0 10.0 3.0 150.0
190 193 -112.0 10.0 -8.0 30.0
120 135 -104.0 10.0 -8.0 60.0
120 135 -96.0 10.0 -8.0 120.0
120 122 -88.0 10.0 -8.0 150.0
120 135 -80.0 10.0 -8.0 210.0
190 191 -131.0 10.0 -8.0 30.0
120 135 -127.0 10.0 -8.0 60.0
120 135 -123.0 10.0 -8.0 120.0
120 122 -119.0 10.0 -8.0 150.0
120 135 -131.0 10.0 -16.0 210.0
190 190 -127.0 10.0 -16.0 240.0
120 135 -123.0 10.0 -16.0 300.0
120 134 -119.0 10.0 -16.0 330.0
120 134 -131.0 10.0 -24.0 30.0
120 134 -127.0 10.0 -24.0 60.0
190 190 -123.0 10.0 -24.0 120.0
120 122 -119.0 10.0 -24.0 150.0
220 222 -121.0 10.0 -10.0 0.0
190 192 -106.0 10.0 -39.0 30.0
120 135 -104.0 10.0 -39.0 60.0
120 134 -106.0 10.0 -45.0 120.0
190 190 -104.0 10.0 -45.0 150.0
190 193 -115.0 10.0 -31.0 30.0
120 122 -111.0 10.0 -32.0 60.0
190 191 -109.0 10.0 -34.0 150.0
120 134 -109.0 10.0 -37.0 210.0
120 122 -102.0 10.0 -53.0 300.0
190 192 -104.0 10.0 -52.0 30.0
190 192 -98.0 10.0 -56.0 60.0
190 191 -96.0 10.0 -60.0 30.0
120 134 -94.0 10.0 -60.0 60.0
120 134 -96.0 10.0 -65.0 120.0
190 191 -94.0 10.0 -65.0 150.0
120 134 -96.0 10.0 -70.0 210.0
120 135 -94.0 10.0 -70.0 240.0
190 190 -102.0 10.0 -76.0 30.0
120 134 -95.0 10.0 -76.0 60.0
120 135 -88.0 10.0 -76.0 120.0
120 122 -81.0 10.0 -76.0 150.0
120 122 -102.0 10.0 -84.0 210.0
190 193 -95.0 10.0 -84.0 240.0
120 122 -88.0 10.0 -84.0 300.0
120 122 -81.0 10.0 -84.0 330.0
120 134 -102.0 10.0 -92.0 30.0
120 134 -95.0 10.0 -92.0 60.0
190 190 -88.0 10.0 -92.0 120.0
120 135 -81.0 10.0 -92.0 150.0
220 220 -92.0 10.0 -110.0 90.0
220 221 -70.0 10.0 -88.0 0.0
190 193 -102.0 10.0 -116.0 30.0
120 134 -95.0 10.0 -116.0 60.0
120 122 -88.0 10.0 -116.0 120.0
120 122 -81.0 10.0 -116.0 150.0
120 134 -102.0 10.0 -124.0 210.0
190 192 -95.0 10.0 -124.0 240.0
120 134 -88.0 10.0 -124.0 300.0
120 122 -81.0 10.0 -124.0 330.0
120 122 -102.0 10.0 -132.0 30.0
120 135 -95.0 10.0 -132.0 60.0
190 191 -88.0 10.0 -132.0 120.0
120 135 -81.0 10.0 -132.0 150.0
220 221 -70.0 10.0 -132.0 0.0
190 190 -62.0 10.0 -76.0 30.0
120 122 -55.0 10.0 -76.0 60.0
120 122 -48.0 10.0 -76.0 120.0
120 135 -41.0 10.0 -76.0 150.0
120 134 -62.0 10.0 -84.0 210.0
190 192 -55.0 10.0 -84.0 240.0
120 134 -48.0 10.0 -84.0 300.0
120 134 -41.0 10.0 -84.0 330.0
120 135 -62.0 10.0 -92.0 30.0
120 122 -55.0 10.0 -92.0 60.0
190 193 -48.0 10.0 -92.0 120.0
120 134 -41.0 10.0 -92.0 150.0
220 220 -43.0 10.0 -110.0 90.0
190 190 -62.0 10.0 -116.0 30.0
120 134 -54.0 10.0 -116.0 60.0
120 134 -46.0 10.0 -116.0 120.0
120 134 -62.0 10.0 -126.0 150.0
190 191 -54.0 10.0 -126.0 210.0
120 134 -46.0 10.0 -126.0 240.0
120 134 -62.0 10.0 -136.0 300.0
120 134 -54.0 10.0 -136.0 330.0
190 191 -46.0 10.0 -136.0 30.0
120 147 -40.0 10.0 -145.0 120.0
220 226 -48.8 10.0 -152.8 0.0
220 227 -48.8 10.0 -149.4 0.0
220 222 -45.625 10.0 -147.625 720.0
220 222 -51.875 10.0 -147.625 720.0
190	190	-47.5 10.0 -145.75 720.0
190 191 -50.0 10.0 -145.75	720.0
190 192 -50.0 10.0 -144.5 720.0
190 192 -47.5 10.0 -144.5 720.0
190 193 -48.75 10.0 -143.25 720.0
