1 1 35.000 -36.000 60.000 -60.000
1 2 7.000 -55.000 31.000 -41.000
1 3 -21.000 -36.000 7.000 -48.000
1 4 -21.000 -19.000 -17.000 -36.000
1 5 -21.000 41.000 -17.000 -14.000
1 6 -21.000 41.000 41.000 61.000
1 7 34.000 61.000 40.000 16.000
1 8 36.000 16.000 81.000 5.000
1 9 81.000 5.000 126.000 0.000
11 11 35.000 -36.000 60.000 -60.000
11 12 7.000 -55.000 31.000 -41.000
11 13 -21.000 -36.000 7.000 -48.000
11 14 -21.000 -19.000 -17.000 -36.000
11 15 -21.000 41.000 -17.000 -14.000
11 17 34.000 61.000 40.000 16.000
11 18 36.000 16.000 81.000 5.000
11 19 81.000 5.000 126.000 0.000
11 21 35.000 -36.000 60.000 -60.000
11 22 7.000 -55.000 31.000 -41.000
11 23 -21.000 -36.000 7.000 -48.000
11 24 -21.000 -19.000 -17.000 -36.000
11 25 -21.000 41.000 -17.000 -14.000
11 27 34.000 61.000 40.000 16.000
11 28 36.000 16.000 81.000 5.000
11 29 81.000 5.000 126.000 0.000
90 1 13.000 -10.000 -13.000 0.000
100 100 55.625 -8.000 -55.625 135.000
200 1 55.625 -8.000 -55.625 0.000
201 9 120.626 -20.000 0.625 0.000
204 4 -19.375 0.000 -16.250 0.000
300 300 0.000 0.000 0.000 0.000
300 301 0.000 0.000 0.000 0.000
300 302 0.000 0.000 0.000 0.000
300 303 0.000 0.000 0.000 0.000
300 304 0.000 0.000 0.000 0.000
300 305 0.000 0.000 0.000 0.000
190 190 36.0 0.0 -38.0 30.0
120 124 39.0 0.0 -38.0 60.0
120 124 42.0 0.0 -38.0 120.0
120 123 45.0 0.0 -38.0 150.0
120 123 48.0 0.0 -38.0 210.0
120 124 51.0 0.0 -38.0 240.0
120 124 54.0 0.0 -38.0 300.0
120 123 57.0 0.0 -38.0 330.0
120 124 36.0 0.0 -41.0 30.0
190 190 39.0 0.0 -41.0 60.0
120 124 42.0 0.0 -41.0 120.0
120 123 45.0 0.0 -41.0 150.0
120 124 48.0 0.0 -41.0 210.0
120 123 51.0 0.0 -41.0 240.0
120 124 54.0 0.0 -41.0 300.0
120 124 57.0 0.0 -41.0 330.0
120 124 36.0 0.0 -44.0 30.0
120 124 39.0 0.0 -44.0 60.0
190 190 42.0 0.0 -44.0 120.0
120 123 45.0 0.0 -44.0 150.0
120 123 48.0 0.0 -44.0 210.0
120 123 51.0 0.0 -44.0 240.0
120 124 54.0 0.0 -44.0 300.0
120 123 57.0 0.0 -44.0 330.0
120 123 36.0 0.0 -47.0 30.0
120 123 39.0 0.0 -47.0 60.0
120 123 42.0 0.0 -47.0 120.0
190 190 45.0 0.0 -47.0 150.0
120 124 48.0 0.0 -47.0 210.0
120 123 51.0 0.0 -47.0 240.0
120 123 54.0 0.0 -47.0 260.0
120 124 57.0 0.0 -47.0 260.0
220 222 38.0 0.0 -43.0 0.0
220 220 50.0 0.0 -47.0 0.0
190 190 26.0 0.0 -33.0 30.0
120 123 28.0 0.0 -33.0 60.0
120 123 30.0 0.0 -33.0 120.0
120 123 32.0 0.0 -33.0 150.0
120 123 26.0 0.0 -35.0 210.0
190 190 28.0 0.0 -35.0 240.0
120 124 30.0 0.0 -35.0 300.0
120 123 32.0 0.0 -35.0 330.0
190 190 36.0 0.0 -53.0 30.0
120 123 40.0 0.0 -53.0 60.0
120 123 44.0 0.0 -53.0 120.0
120 123 48.0 0.0 -53.0 150.0
120 123 36.0 0.0 -57.0 210.0
190 190 40.0 0.0 -57.0 240.0
120 124 44.0 0.0 -57.0 300.0
120 124 46.0 0.0 -57.0 330.0
190 190 10.0 0.0 -40.0 30.0
120 123 14.0 0.0 -40.0 60.0
120 124 18.0 0.0 -40.0 120.0
120 123 22.0 0.0 -40.0 150.0
120 124 26.0 0.0 -40.0 210.0
120 124 10.0 0.0 -44.0 240.0
190 190 14.0 0.0 -44.0 300.0
120 123 18.0 0.0 -44.0 330.0
120 123 22.0 0.0 -44.0 30.0
120 124 26.0 0.0 -44.0 60.0
120 123 10.0 0.0 -48.0 120.0
120 124 14.0 0.0 -48.0 150.0
190 190 18.0 0.0 -48.0 210.0
120 123 22.0 0.0 -48.0 240.0
120 124 26.0 0.0 -48.0 300.0
120 123 10.0 0.0 -52.0 330.0
120 123 14.0 0.0 -52.0 30.0
120 124 18.0 0.0 -52.0 60.0
190 190 22.0 0.0 -52.0 120.0
120 123 26.0 0.0 -52.0 150.0
120 124 10.0 0.0 -56.0 210.0
120 124 14.0 0.0 -56.0 240.0
120 123 18.0 0.0 -56.0 300.0
120 123 22.0 0.0 -56.0 330.0
190 190 26.0 0.0 -56.0 30.0
220 224 12.0 0.0 -40.0 0.0
190 190 -10.0 0.0 -49.5 30.0
120 124 -7.0 0.0 -49.5 60.0
120 124 -4.0 0.0 -49.5 120.0
120 124 -1.0 0.0 -49.5 150.0
120 123 2.0 0.0 -49.5 210.0
120 123 5.0 0.0 -49.5 240.0
120 124 -10.0 0.0 -51.5 300.0
190 190 -7.0 0.0 -51.5 330.0
120 124 -4.0 0.0 -51.5 30.0
120 123 -1.0 0.0 -51.5 60.0
120 124 2.0 0.0 -51.5 120.0
120 123 5.0 0.0 -51.5 150.0
190 190 -20.0 0.0 -42.0 30.0
120 123 -18.0 0.0 -44.0 60.0
120 124 -16.0 0.0 -46.0 120.0
120 124 -14.0 0.0 -48.0 150.0
190 190 -20.0 0.0 -36.0 30.0
120 123 -18.0 0.0 -36.0 60.0
120 124 -20.0 0.0 -38.0 120.0
190 190 -18.0 0.0 -38.0 150.0
120 124 -20.0 0.0 -40.0 210.0
120 124 -18.0 0.0 -40.0 240.0
190 190 -26.0 0.0 -23.0 30.0
120 123 -23.0 0.0 -23.0 60.0
120 123 -20.0 0.0 -23.0 120.0
120 123 -17.0 0.0 -23.0 150.0
120 124 -26.0 0.0 -26.0 210.0
190 190 -23.0 0.0 -26.0 240.0
120 124 -20.0 0.0 -26.0 300.0
120 123 -17.0 0.0 -26.0 330.0
120 123 -26.0 0.0 -29.0 30.0
120 124 -23.0 0.0 -29.0 60.0
190 190 -20.0 0.0 -29.0 120.0
120 123 -17.0 0.0 -29.0 150.0
120 123 -26.0 0.0 -32.0 210.0
120 123 -23.0 0.0 -32.0 240.0
120 124 -20.0 0.0 -32.0 300.0
190 190 -17.0 0.0 -32.0 330.0
220 223 -24.0 0.0 -30.0 0.0
190 190 -20.0 -20.0 2.0 30.0
120 123 -20.0 -20.0 0.0 60.0
120 123 -20.0 -20.0 -2.0 120.0
120 124 -20.0 -20.0 -4.0 150.0
120 123 -20.0 -20.0 -6.0 210.0
120 124 -20.0 -20.0 -8.0 240.0
120 123 -20.0 -20.0 -10.0 300.0
190 190 -30.0 -20.0 22.0 30.0
120 124 -26.0 -20.0 22.0 60.0
120 123 -22.0 -20.0 22.0 120.0
120 123 -18.0 -20.0 22.0 150.0
120 124 -14.0 -20.0 22.0 210.0
120 123 -10.0 -20.0 22.0 240.0
120 123 -30.0 -20.0 18.0 300.0
190 190 -26.0 -20.0 18.0 330.0
120 123 -22.0 -20.0 18.0 30.0
120 123 -18.0 -20.0 18.0 60.0
120 124 -14.0 -20.0 18.0 120.0
120 124 -10.0 -20.0 18.0 150.0
120 124 -30.0 -20.0 14.0 210.0
120 123 -26.0 -20.0 14.0 240.0
190 190 -22.0 -20.0 14.0 300.0
120 124 -18.0 -20.0 14.0 330.0
120 123 -14.0 -20.0 14.0 30.0
120 123 -10.0 -20.0 14.0 60.0
120 124 -30.0 -20.0 10.0 120.0
120 123 -26.0 -20.0 10.0 150.0
120 124 -22.0 -20.0 10.0 210.0
190 190 -18.0 -20.0 10.0 240.0
120 124 -14.0 -20.0 10.0 300.0
120 124 -10.0 -20.0 10.0 330.0
101 103 -17.0 -20.0 10.0 0.0
220 221 -20.0 -20.0 23.0 0.0
190 190 -21.0 -20.0 40.0 30.0
120 124 -19.0 -20.0 40.0 60.0
120 123 -17.0 -20.0 38.0 120.0
120 124 -23.0 -20.0 36.0 150.0
190 190 -19.0 -20.0 36.0 210.0
120 124 -15.0 -20.0 36.0 240.0
120 123 -23.0 -20.0 32.0 300.0
120 124 -19.0 -20.0 32.0 330.0
190 190 -15.0 -20.0 32.0 30.0
120 123 -23.0 -20.0 28.0 60.0
120 123 -19.0 -20.0 28.0 120.0
120 124 -15.0 -20.0 28.0 150.0
190 190 -19.0 -20.0 45.0 30.0
120 124 -17.0 -20.0 47.0 60.0
120 124 -15.0 -20.0 49.0 120.0
120 124 -13.0 -20.0 51.0 150.0
120 123 -11.0 -20.0 53.0 210.0
190 190 -9.0 -20.0 55.0 240.0
120 123 -7.0 -20.0 57.0 300.0
120 123 -5.0 -20.0 59.0 330.0
120 123 -3.0 -20.0 61.0 30.0
190 190 0.0 -20.0 65.0 30.0
120 123 3.0 -20.0 65.0 60.0
120 124 6.0 -20.0 65.0 120.0
120 123 9.0 -20.0 65.0 150.0
120 123 12.0 -20.0 65.0 210.0
120 123 15.0 -20.0 65.0 240.0
120 124 18.0 -20.0 65.0 300.0
120 124 21.0 -20.0 65.0 330.0
120 123 24.0 -20.0 65.0 30.0
120 124 27.0 -20.0 65.0 60.0
120 124 30.0 -20.0 65.0 120.0
120 123 33.0 -20.0 65.0 150.0
120 123 36.0 -20.0 65.0 210.0
120 124 39.0 -20.0 65.0 240.0
120 124 0.0 -20.0 62.0 300.0
190 190 3.0 -20.0 62.0 330.0
120 124 6.0 -20.0 62.0 30.0
120 124 9.0 -20.0 62.0 60.0
120 124 12.0 -20.0 62.0 120.0
120 124 15.0 -20.0 62.0 150.0
120 124 18.0 -20.0 62.0 210.0
120 124 21.0 -20.0 62.0 240.0
120 123 24.0 -20.0 62.0 300.0
120 123 27.0 -20.0 62.0 330.0
120 123 30.0 -20.0 62.0 30.0
120 124 33.0 -20.0 62.0 60.0
120 124 36.0 -20.0 62.0 120.0
120 123 39.0 -20.0 62.0 150.0
190 190 31.0 -20.0 56.0 30.0
120 124 35.0 -20.0 56.0 60.0
120 123 39.0 -20.0 56.0 120.0
120 124 43.0 -20.0 56.0 150.0
120 123 31.0 -20.0 52.0 210.0
190 190 35.0 -20.0 52.0 240.0
120 123 39.0 -20.0 52.0 300.0
120 124 43.0 -20.0 52.0 330.0
120 124 31.0 -20.0 48.0 30.0
120 124 35.0 -20.0 48.0 60.0
190 190 39.0 -20.0 48.0 120.0
120 123 43.0 -20.0 48.0 150.0
120 124 31.0 -20.0 44.0 210.0
120 124 35.0 -20.0 44.0 240.0
120 124 39.0 -20.0 44.0 300.0
190 190 43.0 -20.0 44.0 330.0
120 124 31.0 -20.0 40.0 30.0
120 123 35.0 -20.0 40.0 60.0
120 123 39.0 -20.0 40.0 120.0
120 124 43.0 -20.0 40.0 150.0
120 123 31.0 -20.0 36.0 210.0
120 124 35.0 -20.0 36.0 240.0
120 123 39.0 -20.0 36.0 300.0
120 123 43.0 -20.0 36.0 330.0
120 124 31.0 -20.0 32.0 30.0
120 123 35.0 -20.0 32.0 60.0
120 123 39.0 -20.0 32.0 120.0
120 124 43.0 -20.0 32.0 150.0
220 225 47.0 -20.0 42.0 270.0
220 222 33.0 -20.0 34.0 0.0
190 190 20.0 -20.0 14.0 30.0
120 124 24.0 -20.0 14.0 60.0
120 123 28.0 -20.0 14.0 120.0
120 124 32.0 -20.0 14.0 150.0
120 123 36.0 -20.0 14.0 210.0
120 124 40.0 -20.0 14.0 240.0
120 124 44.0 -20.0 14.0 300.0
120 124 48.0 -20.0 14.0 330.0
120 124 52.0 -20.0 14.0 30.0
120 124 56.0 -20.0 14.0 60.0
120 123 60.0 -20.0 14.0 120.0
120 124 64.0 -20.0 14.0 150.0
120 123 68.0 -20.0 14.0 210.0
120 124 72.0 -20.0 14.0 240.0
120 124 76.0 -20.0 14.0 300.0
120 124 80.0 -20.0 14.0 330.0
120 124 20.0 -20.0 10.0 30.0
190 190 24.0 -20.0 10.0 60.0
120 123 28.0 -20.0 10.0 120.0
120 124 32.0 -20.0 10.0 150.0
120 124 36.0 -20.0 10.0 210.0
120 123 40.0 -20.0 10.0 240.0
120 123 44.0 -20.0 10.0 300.0
120 123 48.0 -20.0 10.0 330.0
120 123 52.0 -20.0 10.0 30.0
120 124 56.0 -20.0 10.0 60.0
120 124 60.0 -20.0 10.0 120.0
120 123 64.0 -20.0 10.0 150.0
120 123 68.0 -20.0 10.0 210.0
120 123 72.0 -20.0 10.0 240.0
120 123 76.0 -20.0 10.0 300.0
120 124 80.0 -20.0 10.0 330.0
120 123 20.0 -20.0 6.0 30.0
120 124 24.0 -20.0 6.0 60.0
190 190 28.0 -20.0 6.0 120.0
120 124 32.0 -20.0 6.0 150.0
120 123 36.0 -20.0 6.0 210.0
120 124 40.0 -20.0 6.0 240.0
120 124 44.0 -20.0 6.0 300.0
120 124 48.0 -20.0 6.0 330.0
120 123 52.0 -20.0 6.0 30.0
120 123 56.0 -20.0 6.0 60.0
120 123 60.0 -20.0 6.0 120.0
120 124 64.0 -20.0 6.0 150.0
120 124 68.0 -20.0 6.0 210.0
120 124 72.0 -20.0 6.0 240.0
120 123 76.0 -20.0 6.0 300.0
120 124 80.0 -20.0 6.0 330.0
120 123 20.0 -20.0 2.0 30.0
120 124 24.0 -20.0 2.0 60.0
120 123 28.0 -20.0 2.0 120.0
190 190 32.0 -20.0 2.0 150.0
120 123 36.0 -20.0 2.0 210.0
120 123 40.0 -20.0 2.0 240.0
120 123 44.0 -20.0 2.0 300.0
120 123 48.0 -20.0 2.0 330.0
120 123 52.0 -20.0 2.0 30.0
120 124 56.0 -20.0 2.0 60.0
120 123 60.0 -20.0 2.0 120.0
120 124 64.0 -20.0 2.0 150.0
120 124 68.0 -20.0 2.0 210.0
120 124 72.0 -20.0 2.0 240.0
120 123 76.0 -20.0 2.0 300.0
120 123 80.0 -20.0 2.0 330.0
220 220 26.0 -20.0 12.0 0.0
220 220 42.0 -20.0 12.0 0.0
220 221 34.0 -20.0 10.0 90.0
190 190 97.0 -20.0 15.0 30.0
120 124 101.0 -20.0 15.0 60.0
120 124 105.0 -20.0 15.0 120.0
120 124 109.0 -20.0 15.0 150.0
120 123 97.0 -20.0 11.0 210.0
190 190 101.0 -20.0 11.0 240.0
120 124 105.0 -20.0 11.0 300.0
120 123 109.0 -20.0 11.0 330.0
120 123 97.0 -20.0 7.0 30.0
120 123 101.0 -20.0 7.0 60.0
190 190 105.0 -20.0 7.0 120.0
120 123 109.0 -20.0 7.0 150.0
120 124 97.0 -20.0 3.0 210.0
120 124 101.0 -20.0 3.0 240.0
120 123 105.0 -20.0 3.0 300.0
190 190 109.0 -20.0 3.0 330.0
120 123 97.0 -20.0 -1.0 30.0
120 124 101.0 -20.0 -1.0 60.0
120 124 105.0 -20.0 -1.0 120.0
120 123 109.0 -20.0 -1.0 150.0
120 124 97.0 -20.0 -5.0 210.0
120 124 101.0 -20.0 -5.0 240.0
120 123 105.0 -20.0 -5.0 300.0
120 124 109.0 -20.0 -5.0 330.0
120 141 112.0 -20.0 3.0 90.0
220 222 87.0 -20.0 0.0 0.0
220 222 87.0 -20.0 6.0 0.0
190 190 85.0 -20.0 1.0 90.0
190 190 83.0 -20.0 3.0 90.0
190 190 86.0 -20.0 5.0 90.0
