5 1 -20.000 -50.000 -20.000 -30.000 
5 2 -20.000 -10.000 -20.000 10.000 
5 3 -30.000 25.000 -45.000 40.000 
5 4 -5.000 0.000 0.000 15.000 
5 5 0.000 30.000 0.000 50.000 
5 6 10.000 -20.000 30.000 -20.000 
5 7 25.000 15.000 45.000 25.000 
5 8 75.000 22.000 90.000 22.000 
5 9 120.000 25.000 145.000 25.000 
90 5 13.000 -10.000 -13.000 0.000 
100 100 -12.625 0.000 -54.375 135.000 
200 1 -12.625 0.000 -54.375 0.000 
201 9 151.625 0.000 21.875 0.000 
204 4 0.000 0.000 -17.500 0.000 
204 6 22.500 20.000 -5.000 0.000 
204 8 102.500 0.000 22.500 0.000 
300 300 0.000 0.000 0.000 0.000 
300 301 0.000 0.000 0.000 0.000 
300 302 0.000 0.000 0.000 0.000 
300 303 0.000 0.000 0.000 0.000 
300 304 0.000 0.000 0.000 0.000
300 305 0.000 0.000 0.000 0.000
190 192 -38.0 0.0 -29.0 30.0 
120 136 -34.0 0.0 -29.0 60.0 
120 121 -30.0 0.0 -29.0 120.0 
120 121 -26.0 0.0 -29.0 150.0 
120 121 -22.0 0.0 -29.0 210.0 
120 132 -18.0 0.0 -29.0 240.0 
120 136 -14.0 0.0 -29.0 300.0 
120 128 -10.0 0.0 -29.0 330.0 
120 136 -6.0 0.0 -29.0 30.0 
120 136 -38.0 0.0 -33.0 60.0 
190 192 -34.0 0.0 -33.0 120.0 
120 121 -30.0 0.0 -33.0 150.0 
120 128 -26.0 0.0 -33.0 210.0 
120 136 -22.0 0.0 -33.0 240.0 
120 132 -18.0 0.0 -33.0 300.0 
120 121 -14.0 0.0 -33.0 330.0 
120 136 -10.0 0.0 -33.0 30.0 
120 132 -6.0 0.0 -33.0 60.0 
120 121 -38.0 0.0 -37.0 120.0 
120 136 -34.0 0.0 -37.0 150.0 
190 191 -30.0 0.0 -37.0 210.0 
120 128 -26.0 0.0 -37.0 240.0 
120 136 -22.0 0.0 -37.0 300.0 
120 132 -18.0 0.0 -37.0 330.0 
120 128 -14.0 0.0 -37.0 30.0 
120 136 -10.0 0.0 -37.0 60.0 
120 121 -6.0 0.0 -37.0 120.0 
120 136 -38.0 0.0 -41.0 150.0 
120 128 -34.0 0.0 -41.0 210.0 
120 128 -30.0 0.0 -41.0 240.0 
190 192 -26.0 0.0 -41.0 300.0 
120 132 -22.0 0.0 -41.0 330.0 
120 121 -18.0 0.0 -41.0 30.0 
120 136 -14.0 0.0 -41.0 60.0 
120 132 -10.0 0.0 -41.0 120.0 
120 132 -6.0 0.0 -41.0 150.0 
120 136 -38.0 0.0 -45.0 210.0 
120 121 -34.0 0.0 -45.0 240.0 
120 121 -30.0 0.0 -45.0 300.0 
120 132 -26.0 0.0 -45.0 330.0 
190 193 -22.0 0.0 -45.0 30.0 
120 136 -18.0 0.0 -45.0 60.0 
120 132 -14.0 0.0 -45.0 120.0 
120 132 -10.0 0.0 -45.0 150.0 
120 132 -6.0 0.0 -45.0 210.0 
220 222 -25.8 0.0 -25.0 0.0 
220 222 -19.5 0.0 -25.0 0.0 
190 191 -24.0 0.0 24.0 30.0 
120 136 -21.0 0.0 24.0 60.0 
120 136 -24.0 0.0 20.0 120.0 
190 192 -21.0 0.0 20.0 150.0 
120 136 -24.0 0.0 16.0 210.0 
120 136 -21.0 0.0 16.0 240.0 
120 136 -24.0 0.0 12.0 300.0 
120 136 -21.0 0.0 12.0 330.0 
120 128 -24.0 0.0 8.0 30.0 
120 132 -21.0 0.0 8.0 60.0 
120 136 -24.0 0.0 4.0 120.0 
120 132 -21.0 0.0 4.0 150.0 
120 121 -24.0 0.0 0.0 210.0 
120 132 -21.0 0.0 0.0 240.0 
120 121 -24.0 0.0 -4.0 300.0 
120 136 -21.0 0.0 -4.0 330.0 
120 132 -24.0 0.0 -8.0 30.0 
120 128 -21.0 0.0 -8.0 60.0 
120 132 -24.0 0.0 -12.0 120.0 
120 121 -21.0 0.0 -12.0 150.0 
120 132 -24.0 0.0 -16.0 210.0 
120 121 -21.0 0.0 -16.0 240.0 
120 121 -24.0 0.0 -20.0 300.0 
120 136 -21.0 0.0 -20.0 330.0 
120 132 -24.0 0.0 -24.0 30.0 
120 121 -21.0 0.0 -24.0 60.0 
190 190 -48.0 0.0 41.0 30.0 
120 136 -44.0 0.0 41.0 60.0 
120 121 -40.0 0.0 41.0 120.0 
120 128 -36.0 0.0 41.0 150.0 
120 121 -48.0 0.0 37.0 210.0 
190 190 -44.0 0.0 37.0 240.0 
120 132 -40.0 0.0 37.0 300.0 
120 121 -36.0 0.0 37.0 330.0 
120 121 -48.0 0.0 33.0 30.0 
120 128 -44.0 0.0 33.0 60.0 
190 193 -40.0 0.0 33.0 120.0 
120 136 -36.0 0.0 33.0 150.0 
120 128 -48.0 0.0 29.0 210.0 
120 132 -44.0 0.0 29.0 240.0 
120 121 -40.0 0.0 29.0 300.0 
190 190 -36.0 0.0 29.0 330.0 
120 136 -48.0 0.0 25.0 30.0 
120 128 -44.0 0.0 25.0 60.0 
120 136 -40.0 0.0 25.0 120.0 
120 128 -36.0 0.0 25.0 150.0 
120 132 -48.0 0.0 21.0 210.0 
120 121 -44.0 0.0 21.0 240.0 
120 128 -40.0 0.0 21.0 300.0 
120 121 -36.0 0.0 21.0 330.0 
101 102 -32.0 0.0 28.0 0.0 
190 192 -19.0 0.0 1.0 30.0 
120 128 -16.0 0.0 1.0 60.0 
120 136 -13.0 0.0 1.0 120.0 
120 128 -10.0 0.0 1.0 150.0 
120 136 -7.0 0.0 1.0 210.0 
120 121 -19.0 0.0 -1.0 240.0 
190 192 -16.0 0.0 -1.0 300.0 
120 132 -13.0 0.0 -1.0 330.0 
120 132 -10.0 0.0 -1.0 30.0 
120 132 -7.0 0.0 -1.0 60.0 
190 192 -1.0 0.0 26.0 30.0 
120 121 1.0 0.0 26.0 60.0 
120 132 -1.0 0.0 23.0 120.0 
190 192 1.0 0.0 23.0 150.0 
120 121 -1.0 0.0 20.0 210.0 
120 132 1.0 0.0 20.0 240.0 
120 128 -1.0 0.0 17.0 300.0 
120 136 1.0 0.0 17.0 330.0 
120 136 -1.0 0.0 14.0 30.0 
120 121 1.0 0.0 14.0 60.0 
120 128 -1.0 0.0 11.0 120.0 
120 136 1.0 0.0 11.0 150.0 
120 121 -1.0 0.0 8.0 210.0 
120 132 1.0 0.0 8.0 240.0 
120 136 -1.0 0.0 5.0 300.0 
120 136 1.0 0.0 5.0 330.0 
120 136 -1.0 0.0 2.0 30.0 
120 121 1.0 0.0 2.0 60.0 
120 136 -1.0 0.0 -1.0 120.0 
120 128 1.0 0.0 -1.0 150.0 
120 132 -1.0 0.0 -4.0 210.0 
120 136 1.0 0.0 -4.0 240.0 
120 128 -1.0 0.0 -7.0 300.0 
120 121 1.0 0.0 -7.0 330.0 
120 132 -1.0 0.0 -10.0 30.0 
120 136 1.0 0.0 -10.0 60.0 
190 193 3.0 0.0 1.0 30.0 
120 136 6.0 0.0 1.0 60.0 
120 121 9.0 0.0 1.0 120.0 
120 121 12.0 0.0 1.0 150.0 
120 132 3.0 0.0 -1.0 210.0 
190 193 6.0 0.0 -1.0 240.0 
120 121 9.0 0.0 -1.0 300.0 
120 121 12.0 0.0 -1.0 330.0 
190 193 -5.0 0.0 40.0 30.0 
120 132 -1.0 0.0 40.0 60.0 
120 132 3.0 0.0 40.0 120.0 
120 128 -5.0 0.0 36.0 150.0 
190 190 -1.0 0.0 36.0 210.0 
120 121 3.0 0.0 36.0 240.0 
120 128 -5.0 0.0 32.0 300.0 
120 121 -1.0 0.0 32.0 330.0 
190 190 3.0 0.0 32.0 30.0 
120 128 -5.0 0.0 28.0 60.0 
120 128 -1.0 0.0 28.0 120.0 
120 128 3.0 0.0 28.0 150.0 
190 190 -12.0 0.0 58.0 30.0 
120 128 -8.0 0.0 58.0 60.0 
120 136 -4.0 0.0 58.0 120.0 
120 136 0.0 0.0 58.0 150.0 
120 132 4.0 0.0 58.0 210.0 
120 128 8.0 0.0 58.0 240.0 
120 121 12.0 0.0 58.0 300.0 
120 121 -12.0 0.0 54.0 330.0 
190 192 -8.0 0.0 54.0 30.0 
120 121 -4.0 0.0 54.0 60.0 
120 132 0.0 0.0 54.0 120.0 
120 128 4.0 0.0 54.0 150.0 
120 136 8.0 0.0 54.0 210.0 
120 128 12.0 0.0 54.0 240.0 
120 136 -12.0 0.0 50.0 300.0 
120 121 -8.0 0.0 50.0 330.0 
190 193 -4.0 0.0 50.0 30.0 
120 128 0.0 0.0 50.0 60.0 
120 121 4.0 0.0 50.0 120.0 
120 136 8.0 0.0 50.0 150.0 
120 136 12.0 0.0 50.0 210.0 
120 128 -12.0 0.0 46.0 240.0 
120 128 -8.0 0.0 46.0 300.0 
120 128 -4.0 0.0 46.0 330.0 
190 191 0.0 0.0 46.0 30.0 
120 128 4.0 0.0 46.0 60.0 
120 136 8.0 0.0 46.0 120.0 
120 121 12.0 0.0 46.0 150.0 
120 121 -12.0 0.0 42.0 210.0 
120 132 -8.0 0.0 42.0 240.0 
120 128 -4.0 0.0 42.0 300.0 
120 121 0.0 0.0 42.0 330.0 
190 192 4.0 0.0 42.0 30.0 
120 132 8.0 0.0 42.0 60.0 
120 136 12.0 0.0 42.0 120.0 
101 104 2.0 0.0 30.0 0.0 
220 225 0.0 0.0 59.0 180.0 
190 190 5.0 20.0 -16.0 30.0 
120 121 9.0 20.0 -16.0 60.0 
120 128 13.0 20.0 -16.0 120.0 
120 132 17.0 20.0 -16.0 150.0 
120 121 21.0 20.0 -16.0 210.0 
120 132 25.0 20.0 -16.0 240.0 
120 128 29.0 20.0 -16.0 300.0 
120 136 5.0 20.0 -20.0 330.0 
190 191 9.0 20.0 -20.0 30.0 
120 128 13.0 20.0 -20.0 60.0 
120 128 17.0 20.0 -20.0 120.0 
120 132 21.0 20.0 -20.0 150.0 
120 128 25.0 20.0 -20.0 210.0 
120 132 29.0 20.0 -20.0 240.0 
120 136 5.0 20.0 -24.0 300.0 
120 121 9.0 20.0 -24.0 330.0 
190 193 13.0 20.0 -24.0 30.0 
120 128 17.0 20.0 -24.0 60.0 
120 121 21.0 20.0 -24.0 120.0 
120 121 25.0 20.0 -24.0 150.0 
120 132 29.0 20.0 -24.0 210.0 
120 132 5.0 20.0 -28.0 240.0 
120 136 9.0 20.0 -28.0 300.0 
120 121 13.0 20.0 -28.0 330.0 
190 191 17.0 20.0 -28.0 30.0 
120 136 21.0 20.0 -28.0 60.0 
120 132 25.0 20.0 -28.0 120.0 
120 136 29.0 20.0 -28.0 150.0 
120 136 5.0 20.0 -32.0 210.0 
120 136 9.0 20.0 -32.0 240.0 
120 128 13.0 20.0 -32.0 300.0 
120 128 17.0 20.0 -32.0 330.0 
190 191 21.0 20.0 -32.0 30.0 
120 132 25.0 20.0 -32.0 60.0 
120 121 29.0 20.0 -32.0 120.0 
120 136 5.0 20.0 -36.0 150.0 
120 128 9.0 20.0 -36.0 210.0 
120 132 13.0 20.0 -36.0 240.0 
120 132 17.0 20.0 -36.0 300.0 
120 121 21.0 20.0 -36.0 330.0 
190 190 25.0 20.0 -36.0 30.0 
120 121 29.0 20.0 -36.0 60.0 
101 103 27.0 20.0 -15.0 0.0 
220 220 11.0 20.0 -26.0 0.0 
220 221 15.0 20.0 -22.0 0.0 
190 192 9.0 20.0 -38.0 30.0 
120 128 12.0 20.0 -38.0 60.0 
120 128 15.0 20.0 -38.0 120.0 
120 121 18.0 20.0 -38.0 150.0 
120 121 21.0 20.0 -38.0 210.0 
120 128 24.0 20.0 -38.0 240.0 
120 132 9.0 20.0 -40.0 300.0 
190 193 12.0 20.0 -40.0 330.0 
120 121 15.0 20.0 -40.0 30.0 
120 136 18.0 20.0 -40.0 60.0 
120 121 21.0 20.0 -40.0 120.0 
120 136 24.0 20.0 -40.0 150.0 
190 193 21.0 20.0 -9.0 30.0 
120 128 24.0 20.0 -9.0 60.0 
120 121 27.0 20.0 -9.0 120.0 
120 132 21.0 20.0 -11.0 150.0 
190 192 24.0 20.0 -11.0 210.0 
120 136 27.0 20.0 -11.0 240.0 
120 132 21.0 20.0 -13.0 300.0 
120 121 24.0 20.0 -13.0 330.0 
190 191 27.0 20.0 -13.0 30.0 
190 191 21.0 0.0 20.0 30.0 
120 121 23.0 0.0 20.0 60.0 
120 128 21.0 0.0 17.0 120.0 
190 190 23.0 0.0 17.0 150.0 
120 121 21.0 0.0 14.0 210.0 
120 128 23.0 0.0 14.0 240.0 
120 128 21.0 0.0 11.0 300.0 
120 128 23.0 0.0 11.0 330.0 
120 121 21.0 0.0 8.0 30.0 
120 136 23.0 0.0 8.0 60.0 
120 128 21.0 0.0 5.0 120.0 
120 128 23.0 0.0 5.0 150.0 
120 132 21.0 0.0 2.0 210.0 
120 128 23.0 0.0 2.0 240.0 
120 128 21.0 0.0 -1.0 300.0 
120 128 23.0 0.0 -1.0 330.0 
190 190 21.0 0.0 24.0 30.0 
120 121 24.0 0.0 24.0 60.0 
120 132 27.0 0.0 24.0 120.0 
120 121 30.0 0.0 24.0 150.0 
120 132 21.0 0.0 22.0 210.0 
190 190 24.0 0.0 22.0 240.0 
120 132 27.0 0.0 22.0 300.0 
120 121 30.0 0.0 22.0 330.0 
190 192 35.0 0.0 28.0 30.0 
120 128 39.0 0.0 28.0 60.0 
120 132 43.0 0.0 28.0 120.0 
120 132 35.0 0.0 24.0 150.0 
190 191 39.0 0.0 24.0 210.0 
120 121 43.0 0.0 24.0 240.0 
120 132 35.0 0.0 20.0 300.0 
120 121 39.0 0.0 20.0 330.0 
190 193 43.0 0.0 20.0 30.0 
120 128 35.0 0.0 16.0 60.0 
120 121 39.0 0.0 16.0 120.0 
120 121 43.0 0.0 16.0 150.0 
220 223 41.0 0.0 -22.0 0.0 
190 192 48.0 0.0 24.0 30.0 
120 128 51.0 0.0 24.0 60.0 
120 132 54.0 0.0 24.0 120.0 
120 132 57.0 0.0 24.0 150.0 
120 132 48.0 0.0 22.0 210.0 
190 191 51.0 0.0 22.0 240.0 
120 128 54.0 0.0 22.0 300.0 
120 136 57.0 0.0 22.0 330.0 
190 190 61.0 0.0 32.0 30.0 
120 132 63.0 0.0 32.0 60.0 
120 136 61.0 0.0 29.0 120.0 
190 193 63.0 0.0 29.0 150.0 
120 136 61.0 0.0 26.0 210.0 
120 132 63.0 0.0 26.0 240.0 
120 121 61.0 0.0 23.0 300.0 
120 136 63.0 0.0 23.0 330.0 
120 136 61.0 0.0 20.0 30.0 
120 132 63.0 0.0 20.0 60.0 
120 121 61.0 0.0 17.0 120.0 
120 121 63.0 0.0 17.0 150.0 
120 132 61.0 0.0 14.0 210.0 
120 121 63.0 0.0 14.0 240.0 
190 193 74.0 0.0 41.0 30.0 
120 136 77.0 0.0 41.0 60.0 
120 132 80.0 0.0 41.0 120.0 
120 121 83.0 0.0 41.0 150.0 
120 136 86.0 0.0 41.0 210.0 
120 132 74.0 0.0 39.0 240.0 
190 192 77.0 0.0 39.0 300.0 
120 128 80.0 0.0 39.0 330.0 
120 121 83.0 0.0 39.0 30.0 
120 136 86.0 0.0 39.0 60.0 
190 193 72.0 0.0 6.0 30.0 
120 128 75.0 0.0 6.0 60.0 
120 128 78.0 0.0 6.0 120.0 
120 121 81.0 0.0 6.0 150.0 
120 132 84.0 0.0 6.0 210.0 
120 132 87.0 0.0 6.0 240.0 
120 128 72.0 0.0 4.0 300.0 
190 190 75.0 0.0 4.0 330.0 
120 121 78.0 0.0 4.0 30.0 
120 128 81.0 0.0 4.0 60.0 
120 128 84.0 0.0 4.0 120.0 
120 132 87.0 0.0 4.0 150.0 
190 192 96.0 0.0 31.0 30.0 
120 128 98.0 0.0 31.0 60.0 
120 128 96.0 0.0 28.0 120.0 
190 190 98.0 0.0 28.0 150.0 
120 136 96.0 0.0 25.0 210.0 
120 136 98.0 0.0 25.0 240.0 
120 136 96.0 0.0 22.0 300.0 
120 132 98.0 0.0 22.0 330.0 
120 121 96.0 0.0 19.0 30.0 
120 121 98.0 0.0 19.0 60.0 
120 121 96.0 0.0 16.0 120.0 
120 132 98.0 0.0 16.0 150.0 
190 193 66.0 0.0 34.0 210.0 
120 128 69.0 0.0 36.0 240.0 
120 128 71.0 0.0 39.0 300.0 
190 190 90.0 0.0 37.0 330.0 
120 136 93.0 0.0 35.0 30.0 
120 121 95.0 0.0 32.0 60.0 
120 136 65.0 0.0 13.0 120.0 
120 136 68.0 0.0 10.0 150.0 
120 132 70.0 0.0 8.0 210.0 
120 136 91.0 0.0 9.0 240.0 
120 121 94.0 0.0 11.0 300.0 
120 136 96.0 0.0 14.0 330.0 
190 192 125.0 0.0 31.0 30.0 
120 121 129.0 0.0 31.0 60.0 
120 132 133.0 0.0 31.0 120.0 
120 136 137.0 0.0 31.0 150.0 
120 136 141.0 0.0 31.0 210.0 
120 136 145.0 0.0 31.0 240.0 
120 128 125.0 0.0 27.0 300.0 
190 190 129.0 0.0 27.0 330.0 
120 128 133.0 0.0 27.0 30.0 
120 128 137.0 0.0 27.0 60.0 
120 121 141.0 0.0 27.0 120.0 
120 136 145.0 0.0 27.0 150.0 
120 136 125.0 0.0 23.0 210.0 
120 121 129.0 0.0 23.0 240.0 
190 190 133.0 0.0 23.0 300.0 
120 128 137.0 0.0 23.0 330.0 
120 128 141.0 0.0 23.0 30.0 
120 121 145.0 0.0 23.0 60.0 
120 128 125.0 0.0 19.0 120.0 
120 136 129.0 0.0 19.0 150.0 
120 121 133.0 0.0 19.0 210.0 
190 191 137.0 0.0 19.0 240.0 
120 132 141.0 0.0 19.0 300.0 
120 136 145.0 0.0 19.0 330.0 
120 145 149.0 0.0 25.0 90.0 
190 191 120.0 0.0 22.0 90.0 
190 192 120.0 0.0 24.0 90.0 
190 193 122.0 0.0 23.0 90.0 
