
NUMPOLLIES 16

v 19.054567 10.000000 -22.982233
v 22.590101 10.000000 -26.517767
v 22.590097 10.000000 -19.446699
v 26.125635 10.000000 -22.982233
v 36.732231 10.000000 -26.517765
v 40.267769 10.000000 -22.982231
v 43.803299 10.000000 -33.588829
v 47.338837 10.000000 -30.053297
v 78.750000 10.000000 -29.999998
v 90.000000 10.000000 -58.749996
v 90.000000 10.000000 -41.249996
v 78.750000 10.000000 -70.000000
v 61.250008 10.000000 -70.000000
v 50.000000 10.000000 -41.250000
v 50.000008 10.000000 -58.750000
v 57.554470 10.000000 -33.586590
f 14 15 1
f 10 11 1
f 13 12 1
f 15 13 1
f 12 10 1
f 1 2 1
f 4 3 1
f 2 5 1
f 6 4 1
f 5 7 1
f 8 6 1
f 7 16 1
f 9 8 1
f 11 9 1
f 16 14 1
f 3 1 4