7 1 -80.000 -70.000 -80.000 -50.000
7 2 -80.000 -20.000 -110.000 -10.000
7 3 -130.000 30.000 -110.000 40.000
7 4 -80.000 40.000 -50.000 40.000
7 5 0.000 40.000 20.000 30.000
7 6 55.000 40.000 70.000 10.000
7 7 20.000 -20.000 -10.000 -30.000
7 8 -10.000 -70.000 10.000 -70.000
7 9 50.000 -70.000 70.000 -70.000
90 7 13.000 -10.000 -13.000 0.000
100 100 -78.125 0.000 -76.875 180.000
200 1 -78.125 0.000 -76.875 0.000
201 9 59.375 10.000 -54.375 0.000
203 9 60.625 10.000 -86.875 0.000
202 8 16.750 10.000 -86.875 0.000
203 7 34.875 20.000 -20.625 0.000
202 6 67.125 10.000 -21.875 0.000
203 5 -5.375 10.000 38.125 0.000
202 4 -41.625 10.000 38.125 0.000
204 2 -127.475 0.000 15.000 0.000
204 7 -22.625 20.000 -41.250 0.000
300 300 0.000 0.000 0.000 0.000
300 301 0.000 0.000 0.000 0.000
300 302 0.000 0.000 0.000 0.000
300 303 0.000 0.000 0.000 0.000
300 304 0.000 0.000 0.000 0.000
300 305 0.000 0.000 0.000 0.000
190 191 -92.0 0.0 -63.0 30.0
120 129 -88.0 0.0 -63.0 60.0
120 129 -84.0 0.0 -63.0 120.0
120 127 -80.0 0.0 -63.0 150.0
120 120 -76.0 0.0 -63.0 210.0
120 127 -72.0 0.0 -63.0 240.0
120 129 -68.0 0.0 -63.0 300.0
190 190 -88.0 0.0 -52.0 30.0
120 127 -84.0 0.0 -52.0 60.0
120 131 -80.0 0.0 -52.0 120.0
120 131 -76.0 0.0 -52.0 150.0
220 222 -86.0 0.0 -54.0 0.0
190 191 -81.0 0.0 -15.0 30.0
120 131 -81.0 0.0 -18.0 60.0
120 127 -81.0 0.0 -21.0 120.0
120 127 -81.0 0.0 -24.0 150.0
120 129 -81.0 0.0 -27.0 210.0
120 127 -81.0 0.0 -30.0 240.0
120 129 -81.0 0.0 -33.0 300.0
120 131 -81.0 0.0 -36.0 330.0
120 129 -81.0 0.0 -39.0 30.0
120 127 -81.0 0.0 -42.0 60.0
120 131 -81.0 0.0 -45.0 120.0
120 127 -81.0 0.0 -48.0 150.0
190 193 -85.0 0.0 -1.0 30.0
120 131 -79.0 0.0 -1.0 60.0
120 131 -85.0 0.0 -7.0 120.0
190 191 -79.0 0.0 -7.0 150.0
190 191 -115.0 0.0 -1.0 30.0
120 131 -109.0 0.0 -1.0 60.0
120 131 -103.0 0.0 -1.0 120.0
120 131 -115.0 0.0 -7.0 150.0
190 191 -109.0 0.0 -7.0 210.0
120 129 -103.0 0.0 -7.0 240.0
101 102 -95.0 0.0 -5.0 0.0
190 192 -128.0 0.0 7.0 30.0
120 131 -122.0 0.0 7.0 60.0
120 127 -128.0 0.0 1.0 120.0
190 191 -122.0 0.0 1.0 150.0
120 131 -128.0 0.0 -5.0 210.0
120 129 -122.0 0.0 -5.0 240.0
120 129 -128.0 0.0 -11.0 300.0
120 131 -122.0 0.0 -11.0 330.0
120 120 -128.0 0.0 -17.0 30.0
120 131 -122.0 0.0 -17.0 60.0
220 221 -116.0 0.0 2.0 0.0
190 192 -135.0 10.0 51.0 30.0
120 131 -129.0 10.0 51.0 60.0
120 129 -123.0 10.0 51.0 120.0
120 120 -117.0 10.0 51.0 150.0
120 120 -111.0 10.0 51.0 210.0
120 131 -135.0 10.0 45.0 240.0
190 192 -129.0 10.0 45.0 300.0
120 129 -123.0 10.0 45.0 330.0
120 127 -117.0 10.0 45.0 30.0
120 120 -111.0 10.0 45.0 60.0
120 127 -135.0 10.0 39.0 120.0
120 129 -129.0 10.0 39.0 150.0
190 190 -123.0 10.0 39.0 210.0
120 120 -117.0 10.0 39.0 240.0
120 120 -111.0 10.0 39.0 300.0
120 129 -135.0 10.0 33.0 330.0
120 120 -129.0 10.0 33.0 30.0
120 127 -123.0 10.0 33.0 60.0
190 192 -117.0 10.0 33.0 120.0
120 129 -111.0 10.0 33.0 150.0
120 127 -135.0 10.0 27.0 210.0
120 127 -129.0 10.0 27.0 240.0
120 127 -123.0 10.0 27.0 300.0
120 131 -117.0 10.0 27.0 330.0
190 192 -111.0 10.0 27.0 30.0
220 222 -109.0 10.0 29.0 0.0
220 224 -121.0 10.0 54.0 0.0
190 191 -105.0 10.0 39.0 30.0
120 127 -102.0 10.0 39.0 60.0
120 129 -99.0 10.0 39.0 120.0
120 131 -96.0 10.0 39.0 150.0
120 120 -93.0 10.0 39.0 210.0
120 120 -90.0 10.0 39.0 240.0
120 120 -87.0 10.0 39.0 300.0
120 120 -84.0 10.0 39.0 330.0
190 191 -77.0 10.0 52.0 30.0
120 120 -71.0 10.0 52.0 60.0
120 120 -77.0 10.0 46.0 120.0
190 191 -71.0 10.0 46.0 150.0
120 131 -77.0 10.0 40.0 210.0
120 131 -71.0 10.0 40.0 240.0
120 129 -77.0 10.0 34.0 300.0
120 129 -71.0 10.0 34.0 330.0
120 127 -77.0 10.0 28.0 30.0
120 129 -71.0 10.0 28.0 60.0
120 120 -77.0 10.0 22.0 120.0
120 120 -71.0 10.0 22.0 150.0
101 103 -70.0 10.0 40.0 0.0
190 191 -64.0 10.0 44.0 30.0
120 127 -58.0 10.0 44.0 60.0
120 129 -52.0 10.0 44.0 120.0
120 127 -64.0 10.0 38.0 150.0
190 190 -58.0 10.0 38.0 210.0
120 131 -52.0 10.0 38.0 240.0
190 190 4.0 10.0 45.0 30.0
120 131 10.0 10.0 45.0 60.0
120 127 16.0 10.0 45.0 120.0
120 131 4.0 10.0 39.0 150.0
190 192 10.0 10.0 39.0 210.0
120 129 16.0 10.0 39.0 240.0
120 129 4.0 10.0 33.0 300.0
120 131 10.0 10.0 33.0 330.0
190 191 16.0 10.0 33.0 30.0
220 222 17.0 10.0 39.0 0.0
190 190 18.0 10.0 51.0 30.0
120 127 24.0 10.0 51.0 60.0
120 127 30.0 10.0 51.0 120.0
120 131 18.0 10.0 45.0 150.0
190 190 24.0 10.0 45.0 210.0
120 120 30.0 10.0 45.0 240.0
120 127 18.0 10.0 39.0 300.0
120 129 24.0 10.0 39.0 330.0
190 192 30.0 10.0 39.0 30.0
120 127 18.0 10.0 33.0 60.0
120 120 24.0 10.0 33.0 120.0
120 129 30.0 10.0 33.0 150.0
120 129 18.0 10.0 27.0 210.0
120 127 24.0 10.0 27.0 240.0
120 127 30.0 10.0 27.0 300.0
190 191 32.0 10.0 38.0 30.0
120 120 35.0 10.0 38.0 60.0
120 129 38.0 10.0 38.0 120.0
120 131 41.0 10.0 38.0 150.0
120 131 44.0 10.0 38.0 210.0
120 127 47.0 10.0 38.0 240.0
120 127 50.0 10.0 38.0 300.0
120 129 53.0 10.0 38.0 330.0
120 129 56.0 10.0 38.0 30.0
120 129 59.0 10.0 38.0 60.0
120 120 62.0 10.0 38.0 120.0
120 127 65.0 10.0 38.0 150.0
120 120 68.0 10.0 38.0 210.0
190 190 47.0 10.0 44.0 30.0
120 127 51.0 10.0 44.0 60.0
120 127 55.0 10.0 44.0 120.0
120 131 47.0 10.0 40.0 150.0
190 191 51.0 10.0 40.0 210.0
120 131 55.0 10.0 40.0 240.0
190 191 68.0 10.0 34.0 30.0
120 127 68.0 10.0 31.0 60.0
120 129 68.0 10.0 28.0 120.0
120 129 68.0 10.0 25.0 150.0
190 193 64.0 10.0 21.0 30.0
120 129 70.0 10.0 21.0 60.0
120 127 64.0 10.0 15.0 120.0
190 190 70.0 10.0 15.0 150.0
101 104 70.0 10.0 10.0 0.0
190 191 68.0 10.0 8.0 30.0
120 129 68.0 10.0 5.0 60.0
120 131 68.0 10.0 2.0 120.0
120 129 68.0 10.0 -1.0 150.0
120 120 68.0 10.0 -4.0 210.0
120 129 68.0 10.0 -7.0 240.0
190 190 62.0 10.0 -11.0 30.0
120 131 68.0 10.0 -11.0 60.0
120 129 62.0 10.0 -17.0 120.0
190 192 68.0 10.0 -17.0 150.0
190 193 22.0 20.0 -11.0 30.0
120 127 27.0 20.0 -11.0 60.0
120 129 22.0 20.0 -17.0 120.0
190 193 27.0 20.0 -17.0 150.0
120 127 22.0 20.0 -23.0 210.0
120 131 27.0 20.0 -23.0 240.0
120 120 22.0 20.0 -29.0 300.0
120 120 27.0 20.0 -29.0 330.0
220 223 21.0 20.0 -21.0 0.0
190 193 17.0 20.0 -1.0 30.0
120 131 17.0 20.0 -4.0 60.0
120 127 17.0 20.0 -7.0 120.0
120 127 17.0 20.0 -10.0 150.0
120 131 17.0 20.0 -13.0 210.0
120 120 17.0 20.0 -16.0 240.0
120 131 17.0 20.0 -19.0 300.0
120 127 17.0 20.0 -22.0 330.0
120 120 17.0 20.0 -25.0 30.0
120 120 17.0 20.0 -28.0 60.0
120 120 17.0 20.0 -31.0 120.0
120 127 17.0 20.0 -34.0 150.0
120 120 17.0 20.0 -37.0 210.0
190 192 7.0 20.0 -19.0 30.0
120 120 11.0 20.0 -19.0 60.0
190 191 -14.0 20.0 -29.0 30.0
120 129 -10.0 20.0 -29.0 60.0
120 131 -6.0 20.0 -29.0 120.0
190 193 -22.0 20.0 -37.0 300.0
120 131 -19.0 20.0 -35.0 330.0
120 120 -4.0 20.0 -29.0 60.0
120 127 -2.0 20.0 -27.0 120.0
190 191 3.0 20.0 -23.0 210.0
190 192 -10.0 10.0 -64.0 30.0
120 127 -4.0 10.0 -64.0 60.0
120 129 -10.0 10.0 -70.0 120.0
190 191 -4.0 10.0 -70.0 150.0
120 131 -10.0 10.0 -76.0 210.0
120 131 -4.0 10.0 -76.0 240.0
220 224 1.0 10.0 -70.0 90.0
190 191 3.0 10.0 -58.0 30.0
120 120 8.0 10.0 -58.0 60.0
120 120 13.0 10.0 -58.0 120.0
120 131 3.0 10.0 -64.0 150.0
190 190 8.0 10.0 -64.0 210.0
120 131 13.0 10.0 -64.0 240.0
120 129 3.0 10.0 -70.0 300.0
120 129 8.0 10.0 -70.0 330.0
190 191 13.0 10.0 -70.0 30.0
120 131 3.0 10.0 -76.0 60.0
120 120 8.0 10.0 -76.0 120.0
120 131 13.0 10.0 -76.0 150.0
120 129 3.0 10.0 -82.0 210.0
120 120 8.0 10.0 -82.0 240.0
120 120 13.0 10.0 -82.0 300.0
190 191 51.0 10.0 -58.0 30.0
120 129 57.0 10.0 -58.0 60.0
120 129 63.0 10.0 -58.0 120.0
120 120 51.0 10.0 -64.0 150.0
190 191 57.0 10.0 -64.0 210.0
120 129 63.0 10.0 -64.0 240.0
120 129 51.0 10.0 -70.0 300.0
120 129 57.0 10.0 -70.0 330.0
190 192 63.0 10.0 -70.0 30.0
120 120 51.0 10.0 -76.0 60.0
120 131 57.0 10.0 -76.0 120.0
120 127 63.0 10.0 -76.0 150.0
120 142 61.0 10.0 -58.0 0.0
190 190 56.0 10.0 -82.0 315.0
190 193 64.0 10.0 -82.0 45.0
