
NUMPOLLIES 20

v -72.596077 0.000000 -33.821960
v -104.409912 0.000000 -9.125633
v -100.874374 0.000000 -5.590099
v -97.338837 0.000000 -16.196701
v -97.338837 0.000000 -23.267769
v -90.267776 0.000000 -30.338837
v -83.196709 0.000000 -30.338839
v -51.250004 0.000000 -30.000000
v -52.500004 0.000000 -30.000000
v -57.500004 0.000000 -30.000000
v -68.750008 0.000000 -30.000000
v -40.000004 0.000000 -58.749996
v -40.000004 0.000000 -41.249996
v -51.250000 0.000000 -70.000000
v -68.750000 0.000000 -70.000000
v -80.000000 0.000000 -41.250004
v -80.000000 0.000000 -58.750004
v -53.750000 0.000000 -55.000000
v -66.250000 0.000000 -55.000000
v -53.750004 0.000000 -45.000000
v -66.250000 0.000000 -45.000000
v -76.150002 0.000000 -37.379997
f 8 9 1
f 5 6 1
f 4 5 1
f 6 7 1
f 11 1 1
f 1 3 1
f 2 4 1
f 7 22 1
f 21 20 1
f 18 19 1
f 19 21 1
f 20 18 1
f 14 12 1
f 17 15 1
f 15 14 1
f 16 17 1
f 12 13 1
f 10 11 1
f 13 8 1
f 22 16 1
