
NUMPOLLIES 12

v 26.249996 10.000000 -2.500000
v 24.999996 10.000000 -2.500000
v 37.500000 10.000000 -31.249996
v 37.500000 10.000000 -13.749997
v 26.250000 10.000000 -42.500000
v 8.750003 10.000000 -42.500000
v 2.500002 10.000000 -36.250004
v 2.500000 10.000000 -20.000002
v 19.999998 10.000000 -14.999999
v 2.500000 10.000000 -15.000002
v 19.999998 10.000000 -7.500000
v 25.000000 10.000000 -7.500000
f 1 2 1
f 8 7 1
f 9 10 1
f 7 6 1
f 5 3 1
f 6 5 1
f 11 9 1
f 4 1 1
f 3 4 1
f 10 8 4
f 2 12 4
f 12 11 4