
NUMPOLLIES 11

v -13.749989 0.000000 -36.250008
v -17.499989 0.000000 -36.250008
v -21.249989 0.000002 -36.250008
v -24.999987 0.000000 -36.250011
v -8.749994 0.000000 -31.250010
v -29.999989 0.000000 -31.250017
v -8.749994 0.000000 -23.750010
v -29.999989 0.000002 -23.750015
v -13.749991 0.000000 -18.750011
v -16.874998 0.000000 -18.750011
v -21.875000 0.000002 -18.750011
v -24.999990 0.000002 -18.750015
f 6 4 1
f 1 5 0
f 8 6 1
f 5 7 0
f 12 8 1
f 7 9 0
f 4 3 1
f 2 1 0
f 11 12 1
f 9 10 0
f 10 11 4