
NUMPOLLIES 13

v -132.500000 10.000000 -29.500000
v -117.499992 10.000000 -29.500000
v -112.500000 10.000000 -29.500000
v -132.500000 10.000000 -7.000003
v -112.500000 10.000000 -11.999998
v -80.000000 10.000000 10.499998
v -85.000000 10.000000 10.499996
v -78.749992 10.000000 -7.000000
v -78.749992 10.000000 -12.000000
v -79.999992 10.000000 -5.750001
v -79.999992 10.000000 -13.250000
v -84.999992 10.000000 -5.750001
v -84.999992 10.000000 -13.250001
v -86.249992 10.000000 -7.000001
v -86.249992 10.000000 -12.000002
f 11 9 1
f 15 13 1
f 12 14 1
f 8 10 1
f 7 12 1
f 10 6 1
f 9 8 1
f 13 11 1
f 5 15 1
f 14 4 1
f 4 1 1
f 1 2 1
f 3 5 1
