
NUMPOLLIES 13

v -130.000000 0.000000 -27.500000
v -130.000000 0.000000 12.499992
v -90.000000 0.000000 -4.999996
v -124.999992 0.000000 -27.500000
v -125.000008 0.000000 12.499992
v -82.500000 0.000000 -17.500000
v -70.000000 0.000000 -9.999998
v -90.000000 0.000000 -10.000002
v -70.000000 0.000000 -4.999998
v -77.500000 0.000000 2.500000
v -82.500000 0.000000 2.500000
v -77.500000 0.000000 -40.000000
v -82.500000 0.000000 -40.000000
v -77.500000 0.000000 -17.500000
f 3 5 1
f 2 1 1
f 1 4 1
f 8 6 1
f 9 10 1
f 7 9 1
f 10 11 1
f 12 14 1
f 4 8 1
f 11 3 1
f 14 7 1
f 6 13 1
f 5 2 4