6 1 -60.000 -50.000 -60.000 0.000
6 2 -50.000 50.000 30.000 50.000
6 3 0.000 20.000 40.000 20.000
6 4 -20.000 -50.000 -20.000 -20.000
6 5 30.000 -20.000 50.000 -20.000
6 6 20.000 -70.000 20.000 -50.000
6 7 50.000 -50.000 70.000 -70.000
90 6 13.000 -10.000 -13.000 0.000
100 100 -44.375 0.000 -75.625 135.000
200 1 -44.375 0.000 -75.625 0.000
201 7 76.875 30.000 -75.625 0.000
204 2 75.000 0.000 42.500 0.000
204 4 -2.500 10.000 -37.500 0.000
204 6 37.500 20.000 -75.000 0.000
300 300 0.000 0.000 0.000 0.000
300 301 0.000 0.000 0.000 0.000
300 302 0.000 0.000 0.000 0.000
300 303 0.000 0.000 0.000 0.000
300 304 0.000 0.000 0.000 0.000
300 305 0.000 0.000 0.000 0.000
190 192 -78.0 0.0 77.0 30.0
120 137 -72.0 0.0 77.0 60.0
120 120 -66.0 0.0 77.0 120.0
120 120 -60.0 0.0 77.0 150.0
120 126 -54.0 0.0 77.0 210.0
120 124 -48.0 0.0 77.0 240.0
120 120 -42.0 0.0 77.0 300.0
120 124 -78.0 0.0 67.0 330.0
190 193 -72.0 0.0 67.0 30.0
120 126 -66.0 0.0 67.0 60.0
120 124 -60.0 0.0 67.0 120.0
120 120 -54.0 0.0 67.0 150.0
120 120 -48.0 0.0 67.0 210.0
120 124 -42.0 0.0 67.0 240.0
120 137 -78.0 0.0 57.0 300.0
120 120 -72.0 0.0 57.0 330.0
190 193 -66.0 0.0 57.0 30.0
120 126 -60.0 0.0 57.0 60.0
120 124 -54.0 0.0 57.0 120.0
120 126 -48.0 0.0 57.0 150.0
120 126 -42.0 0.0 57.0 210.0
120 120 -78.0 0.0 47.0 240.0
120 120 -72.0 0.0 47.0 300.0
120 124 -66.0 0.0 47.0 330.0
190 193 -60.0 0.0 47.0 30.0
120 120 -54.0 0.0 47.0 60.0
120 126 -48.0 0.0 47.0 120.0
120 124 -42.0 0.0 47.0 150.0
120 137 -78.0 0.0 37.0 210.0
120 120 -72.0 0.0 37.0 240.0
120 120 -66.0 0.0 37.0 300.0
120 120 -60.0 0.0 37.0 330.0
190 190 -54.0 0.0 37.0 30.0
120 124 -48.0 0.0 37.0 60.0
120 124 -42.0 0.0 37.0 120.0
120 126 -78.0 0.0 27.0 150.0
120 126 -72.0 0.0 27.0 210.0
120 120 -66.0 0.0 27.0 240.0
120 124 -60.0 0.0 27.0 300.0
120 126 -54.0 0.0 27.0 330.0
190 193 -48.0 0.0 27.0 30.0
120 120 -42.0 0.0 27.0 60.0
120 126 -78.0 0.0 17.0 120.0
120 120 -72.0 0.0 17.0 150.0
120 120 -66.0 0.0 17.0 210.0
120 126 -60.0 0.0 17.0 240.0
120 124 -54.0 0.0 17.0 300.0
120 126 -48.0 0.0 17.0 330.0
190 190 -42.0 0.0 17.0 30.0
120 137 -78.0 0.0 7.0 60.0
120 124 -72.0 0.0 7.0 120.0
120 126 -66.0 0.0 7.0 150.0
120 137 -60.0 0.0 7.0 210.0
120 137 -54.0 0.0 7.0 240.0
120 137 -48.0 0.0 7.0 300.0
120 137 -42.0 0.0 7.0 330.0
120 137 -78.0 0.0 -3.0 30.0
120 137 -72.0 0.0 -3.0 60.0
120 137 -66.0 0.0 -3.0 120.0
120 137 -60.0 0.0 -3.0 150.0
120 124 -54.0 0.0 -3.0 210.0
120 137 -48.0 0.0 -3.0 240.0
120 124 -42.0 0.0 -3.0 300.0
120 120 -78.0 0.0 -13.0 330.0
120 137 -72.0 0.0 -13.0 30.0
120 120 -66.0 0.0 -13.0 60.0
120 137 -60.0 0.0 -13.0 120.0
120 120 -54.0 0.0 -13.0 150.0
120 120 -48.0 0.0 -13.0 210.0
120 137 -42.0 0.0 -13.0 240.0
120 120 -78.0 0.0 -23.0 300.0
120 126 -72.0 0.0 -23.0 330.0
120 137 -66.0 0.0 -23.0 30.0
120 120 -60.0 0.0 -23.0 60.0
120 137 -54.0 0.0 -23.0 120.0
120 137 -48.0 0.0 -23.0 150.0
120 126 -42.0 0.0 -23.0 210.0
120 137 -78.0 0.0 -33.0 240.0
120 137 -72.0 0.0 -33.0 300.0
120 126 -66.0 0.0 -33.0 330.0
120 124 -60.0 0.0 -33.0 30.0
120 124 -54.0 0.0 -33.0 60.0
120 124 -48.0 0.0 -33.0 120.0
120 120 -42.0 0.0 -33.0 150.0
120 126 -78.0 0.0 -43.0 210.0
120 124 -72.0 0.0 -43.0 240.0
120 126 -66.0 0.0 -43.0 300.0
120 126 -60.0 0.0 -43.0 330.0
120 137 -54.0 0.0 -43.0 30.0
120 120 -48.0 0.0 -43.0 60.0
120 124 -42.0 0.0 -43.0 120.0
120 126 -78.0 0.0 -53.0 150.0
120 124 -72.0 0.0 -53.0 210.0
120 137 -66.0 0.0 -53.0 240.0
120 126 -60.0 0.0 -53.0 300.0
120 126 -54.0 0.0 -53.0 330.0
120 137 -48.0 0.0 -53.0 30.0
120 124 -42.0 0.0 -53.0 60.0
120 124 -78.0 0.0 -63.0 120.0
120 120 -72.0 0.0 -63.0 150.0
120 126 -66.0 0.0 -63.0 210.0
120 120 -60.0 0.0 -63.0 240.0
120 137 -54.0 0.0 -63.0 300.0
120 124 -48.0 0.0 -63.0 330.0
120 126 -42.0 0.0 -63.0 30.0
101 105 -50.0 0.0 -40.0 0.0
220 220 -56.0 0.0 -24.0 0.0
220 220 -64.0 0.0 0.0 90.0
220 221 -52.0 0.0 -62.0 90.0
190 193 -39.0 0.0 77.0 30.0
120 124 -29.0 0.0 77.0 60.0
120 124 -19.0 0.0 77.0 120.0
120 124 -9.0 0.0 77.0 150.0
120 124 1.0 0.0 77.0 210.0
120 124 11.0 0.0 77.0 240.0
120 124 21.0 0.0 77.0 300.0
120 124 31.0 0.0 77.0 330.0
120 124 41.0 0.0 77.0 30.0
120 120 51.0 0.0 77.0 60.0
120 126 61.0 0.0 77.0 120.0
120 137 71.0 0.0 77.0 150.0
120 124 -39.0 0.0 71.0 210.0
190 191 -29.0 0.0 71.0 240.0
120 124 -19.0 0.0 71.0 300.0
120 137 -9.0 0.0 71.0 330.0
120 120 1.0 0.0 71.0 30.0
120 124 11.0 0.0 71.0 60.0
120 137 21.0 0.0 71.0 120.0
120 124 31.0 0.0 71.0 150.0
120 120 41.0 0.0 71.0 210.0
120 126 51.0 0.0 71.0 240.0
120 137 61.0 0.0 71.0 300.0
120 120 71.0 0.0 71.0 330.0
120 126 -39.0 0.0 65.0 30.0
120 120 -29.0 0.0 65.0 60.0
190 190 -19.0 0.0 65.0 120.0
120 126 -9.0 0.0 65.0 150.0
120 126 1.0 0.0 65.0 210.0
120 126 11.0 0.0 65.0 240.0
120 137 21.0 0.0 65.0 300.0
120 124 31.0 0.0 65.0 330.0
120 137 41.0 0.0 65.0 30.0
120 137 51.0 0.0 65.0 60.0
120 126 61.0 0.0 65.0 120.0
120 137 71.0 0.0 65.0 150.0
120 137 -39.0 0.0 59.0 210.0
120 126 -29.0 0.0 59.0 240.0
120 137 -19.0 0.0 59.0 300.0
190 193 -9.0 0.0 59.0 330.0
120 124 1.0 0.0 59.0 30.0
120 126 11.0 0.0 59.0 60.0
120 126 21.0 0.0 59.0 120.0
120 137 31.0 0.0 59.0 150.0
120 137 41.0 0.0 59.0 210.0
120 124 51.0 0.0 59.0 240.0
120 124 61.0 0.0 59.0 300.0
120 120 71.0 0.0 59.0 330.0
120 120 -39.0 0.0 53.0 30.0
120 120 -29.0 0.0 53.0 60.0
120 137 -19.0 0.0 53.0 120.0
120 126 -9.0 0.0 53.0 150.0
190 193 1.0 0.0 53.0 210.0
120 126 11.0 0.0 53.0 240.0
120 126 21.0 0.0 53.0 300.0
120 137 31.0 0.0 53.0 330.0
120 120 41.0 0.0 53.0 30.0
120 120 51.0 0.0 53.0 60.0
120 126 61.0 0.0 53.0 120.0
120 137 71.0 0.0 53.0 150.0
120 126 -39.0 0.0 47.0 210.0
120 124 -29.0 0.0 47.0 240.0
120 137 -19.0 0.0 47.0 300.0
120 124 -9.0 0.0 47.0 330.0
120 137 1.0 0.0 47.0 30.0
190 192 11.0 0.0 47.0 60.0
120 137 21.0 0.0 47.0 120.0
120 124 31.0 0.0 47.0 150.0
120 124 41.0 0.0 47.0 210.0
120 124 51.0 0.0 47.0 240.0
120 120 61.0 0.0 47.0 300.0
120 124 71.0 0.0 47.0 330.0
220 221 -10.0 0.0 55.0 0.0
220 220 20.0 0.0 63.0 90.0
190 193 -37.0 10.0 37.0 30.0
120 124 -27.0 10.0 37.0 60.0
120 124 -17.0 10.0 37.0 120.0
120 124 -7.0 10.0 37.0 150.0
120 126 3.0 10.0 37.0 210.0
120 126 13.0 10.0 37.0 240.0
120 120 23.0 10.0 37.0 300.0
120 137 33.0 10.0 37.0 330.0
120 126 43.0 10.0 37.0 30.0
120 126 53.0 10.0 37.0 60.0
120 124 63.0 10.0 37.0 120.0
120 124 -37.0 10.0 31.0 150.0
190 190 -27.0 10.0 31.0 210.0
120 126 -17.0 10.0 31.0 240.0
120 126 -7.0 10.0 31.0 300.0
120 137 3.0 10.0 31.0 330.0
120 120 13.0 10.0 31.0 30.0
120 137 23.0 10.0 31.0 60.0
120 126 33.0 10.0 31.0 120.0
120 126 43.0 10.0 31.0 150.0
120 137 53.0 10.0 31.0 210.0
120 120 63.0 10.0 31.0 240.0
120 126 -37.0 10.0 25.0 300.0
120 120 -27.0 10.0 25.0 330.0
190 192 -17.0 10.0 25.0 30.0
120 126 -7.0 10.0 25.0 60.0
120 120 3.0 10.0 25.0 120.0
120 137 13.0 10.0 25.0 150.0
120 126 23.0 10.0 25.0 210.0
120 126 33.0 10.0 25.0 240.0
120 124 43.0 10.0 25.0 300.0
120 124 53.0 10.0 25.0 330.0
120 137 63.0 10.0 25.0 30.0
120 120 -37.0 10.0 19.0 60.0
120 124 -27.0 10.0 19.0 120.0
120 124 -17.0 10.0 19.0 150.0
190 190 -7.0 10.0 19.0 210.0
120 137 3.0 10.0 19.0 240.0
120 120 13.0 10.0 19.0 300.0
120 137 23.0 10.0 19.0 330.0
120 137 33.0 10.0 19.0 30.0
120 124 43.0 10.0 19.0 60.0
120 124 53.0 10.0 19.0 120.0
120 126 63.0 10.0 19.0 150.0
120 120 -37.0 10.0 13.0 210.0
120 126 -27.0 10.0 13.0 240.0
120 120 -17.0 10.0 13.0 300.0
120 124 -7.0 10.0 13.0 330.0
190 190 3.0 10.0 13.0 30.0
120 137 13.0 10.0 13.0 60.0
120 126 23.0 10.0 13.0 120.0
120 120 33.0 10.0 13.0 150.0
120 124 43.0 10.0 13.0 210.0
120 126 53.0 10.0 13.0 240.0
120 126 63.0 10.0 13.0 300.0
120 120 -37.0 10.0 7.0 330.0
120 126 -27.0 10.0 7.0 30.0
120 137 -17.0 10.0 7.0 60.0
120 126 -7.0 10.0 7.0 120.0
120 126 3.0 10.0 7.0 150.0
190 192 13.0 10.0 7.0 210.0
120 124 23.0 10.0 7.0 240.0
120 137 33.0 10.0 7.0 300.0
120 124 43.0 10.0 7.0 330.0
120 126 53.0 10.0 7.0 30.0
120 124 63.0 10.0 7.0 60.0
101 104 60.0 10.0 30.0 0.0
220 224 39.0 10.0 35.0 0.0
220 222 -5.0 10.0 5.0 0.0
220 223 -16.0 10.0 27.0 0.0
190 192 -37.0 10.0 -3.0 30.0
120 120 -31.0 10.0 -3.0 60.0
120 137 -25.0 10.0 -3.0 120.0
120 137 -19.0 10.0 -3.0 150.0
120 120 -13.0 10.0 -3.0 210.0
120 120 -7.0 10.0 -3.0 240.0
120 137 -37.0 10.0 -13.0 300.0
190 190 -31.0 10.0 -13.0 330.0
120 126 -25.0 10.0 -13.0 30.0
120 126 -19.0 10.0 -13.0 60.0
120 137 -13.0 10.0 -13.0 120.0
120 120 -7.0 10.0 -13.0 150.0
120 120 -37.0 10.0 -23.0 210.0
120 126 -31.0 10.0 -23.0 240.0
190 192 -25.0 10.0 -23.0 300.0
120 124 -19.0 10.0 -23.0 330.0
120 120 -13.0 10.0 -23.0 30.0
120 120 -7.0 10.0 -23.0 60.0
190 190 -37.0 10.0 -42.0 30.0
120 120 -33.0 10.0 -42.0 60.0
120 137 -29.0 10.0 -42.0 120.0
120 126 -25.0 10.0 -42.0 150.0
120 126 -21.0 10.0 -42.0 210.0
120 120 -17.0 10.0 -42.0 240.0
120 126 -13.0 10.0 -42.0 300.0
120 120 -9.0 10.0 -42.0 330.0
120 137 -5.0 10.0 -42.0 30.0
120 137 -37.0 10.0 -52.0 60.0
190 193 -33.0 10.0 -52.0 120.0
120 137 -29.0 10.0 -52.0 150.0
120 124 -25.0 10.0 -52.0 210.0
120 126 -21.0 10.0 -52.0 240.0
120 126 -17.0 10.0 -52.0 300.0
120 120 -13.0 10.0 -52.0 330.0
120 124 -9.0 10.0 -52.0 30.0
120 126 -5.0 10.0 -52.0 60.0
120 124 -37.0 10.0 -62.0 120.0
120 124 -33.0 10.0 -62.0 150.0
190 190 -29.0 10.0 -62.0 210.0
120 124 -25.0 10.0 -62.0 240.0
120 120 -21.0 10.0 -62.0 300.0
120 124 -17.0 10.0 -62.0 330.0
120 137 -13.0 10.0 -62.0 30.0
120 124 -9.0 10.0 -62.0 60.0
120 137 -5.0 10.0 -62.0 120.0
120 126 -37.0 10.0 -72.0 150.0
120 137 -33.0 10.0 -72.0 210.0
120 137 -29.0 10.0 -72.0 240.0
190 192 -25.0 10.0 -72.0 300.0
120 120 -21.0 10.0 -72.0 330.0
120 120 -17.0 10.0 -72.0 30.0
120 120 -13.0 10.0 -72.0 60.0
120 137 -9.0 10.0 -72.0 120.0
120 124 -5.0 10.0 -72.0 150.0
101 103 -15.0 10.0 -25.0 0.0
220 222 -11.0 10.0 -62.0 0.0
190 193 4.0 20.0 -3.0 30.0
120 120 14.0 20.0 -3.0 60.0
120 137 24.0 20.0 -3.0 120.0
120 120 34.0 20.0 -3.0 150.0
120 126 44.0 20.0 -3.0 210.0
120 124 54.0 20.0 -3.0 240.0
120 126 64.0 20.0 -3.0 300.0
120 124 4.0 20.0 -7.0 330.0
190 192 14.0 20.0 -7.0 30.0
120 126 24.0 20.0 -7.0 60.0
120 120 34.0 20.0 -7.0 120.0
120 120 44.0 20.0 -7.0 150.0
120 137 54.0 20.0 -7.0 210.0
120 137 64.0 20.0 -7.0 240.0
120 120 4.0 20.0 -11.0 300.0
120 137 14.0 20.0 -11.0 330.0
190 190 24.0 20.0 -11.0 30.0
120 124 34.0 20.0 -11.0 60.0
120 137 44.0 20.0 -11.0 120.0
120 124 54.0 20.0 -11.0 150.0
120 137 64.0 20.0 -11.0 210.0
120 120 4.0 20.0 -15.0 240.0
120 137 14.0 20.0 -15.0 300.0
120 120 24.0 20.0 -15.0 330.0
190 193 34.0 20.0 -15.0 30.0
120 124 44.0 20.0 -15.0 60.0
120 126 54.0 20.0 -15.0 120.0
120 124 64.0 20.0 -15.0 150.0
120 126 4.0 20.0 -19.0 210.0
120 120 14.0 20.0 -19.0 240.0
120 124 24.0 20.0 -19.0 300.0
120 124 34.0 20.0 -19.0 330.0
190 193 44.0 20.0 -19.0 30.0
120 120 54.0 20.0 -19.0 60.0
120 137 64.0 20.0 -19.0 120.0
120 124 4.0 20.0 -23.0 150.0
120 120 14.0 20.0 -23.0 210.0
120 137 24.0 20.0 -23.0 240.0
120 124 34.0 20.0 -23.0 300.0
120 137 44.0 20.0 -23.0 330.0
190 193 54.0 20.0 -23.0 30.0
120 120 64.0 20.0 -23.0 60.0
120 124 4.0 20.0 -27.0 120.0
120 124 14.0 20.0 -27.0 150.0
120 126 24.0 20.0 -27.0 210.0
120 137 34.0 20.0 -27.0 240.0
120 126 44.0 20.0 -27.0 300.0
120 126 54.0 20.0 -27.0 330.0
190 193 64.0 20.0 -27.0 30.0
120 124 4.0 20.0 -31.0 60.0
120 124 14.0 20.0 -31.0 120.0
120 120 24.0 20.0 -31.0 150.0
120 124 34.0 20.0 -31.0 210.0
120 124 44.0 20.0 -31.0 240.0
120 124 54.0 20.0 -31.0 300.0
120 137 64.0 20.0 -31.0 330.0
120 126 4.0 20.0 -35.0 30.0
120 120 14.0 20.0 -35.0 60.0
120 124 24.0 20.0 -35.0 120.0
120 124 34.0 20.0 -35.0 150.0
120 137 44.0 20.0 -35.0 210.0
120 137 54.0 20.0 -35.0 240.0
120 120 64.0 20.0 -35.0 300.0
220 220 32.0 20.0 -21.0 0.0
220 223 56.0 20.0 -9.0 0.0
190 192 3.0 20.0 -42.0 30.0
120 120 7.0 20.0 -42.0 60.0
120 137 11.0 20.0 -42.0 120.0
120 126 15.0 20.0 -42.0 150.0
120 126 19.0 20.0 -42.0 210.0
120 120 23.0 20.0 -42.0 240.0
120 137 27.0 20.0 -42.0 300.0
120 124 31.0 20.0 -42.0 330.0
120 126 3.0 20.0 -52.0 30.0
190 190 7.0 20.0 -52.0 60.0
120 124 11.0 20.0 -52.0 120.0
120 124 15.0 20.0 -52.0 150.0
120 126 19.0 20.0 -52.0 210.0
120 124 23.0 20.0 -52.0 240.0
120 126 27.0 20.0 -52.0 300.0
120 120 31.0 20.0 -52.0 330.0
120 126 3.0 20.0 -62.0 30.0
120 124 7.0 20.0 -62.0 60.0
190 190 11.0 20.0 -62.0 120.0
120 120 15.0 20.0 -62.0 150.0
120 137 19.0 20.0 -62.0 210.0
120 124 23.0 20.0 -62.0 240.0
120 137 27.0 20.0 -62.0 300.0
120 124 31.0 20.0 -62.0 330.0
120 137 3.0 20.0 -72.0 30.0
120 120 7.0 20.0 -72.0 60.0
120 137 11.0 20.0 -72.0 120.0
190 190 15.0 20.0 -72.0 150.0
120 120 19.0 20.0 -72.0 210.0
120 137 23.0 20.0 -72.0 240.0
120 126 27.0 20.0 -72.0 300.0
120 126 31.0 20.0 -72.0 330.0
220 225 38.0 20.0 -50.0 270.0
190 192 44.0 30.0 -42.0 30.0
120 137 54.0 30.0 -42.0 60.0
120 124 64.0 30.0 -42.0 120.0
120 124 74.0 30.0 -42.0 150.0
120 120 44.0 30.0 -46.0 210.0
190 192 54.0 30.0 -46.0 240.0
120 124 64.0 30.0 -46.0 300.0
120 137 74.0 30.0 -46.0 330.0
120 124 44.0 30.0 -50.0 30.0
120 120 54.0 30.0 -50.0 60.0
190 190 64.0 30.0 -50.0 120.0
120 137 74.0 30.0 -50.0 150.0
120 126 44.0 30.0 -54.0 210.0
120 137 54.0 30.0 -54.0 240.0
120 137 64.0 30.0 -54.0 300.0
190 191 74.0 30.0 -54.0 330.0
120 126 44.0 30.0 -58.0 30.0
120 120 54.0 30.0 -58.0 60.0
120 120 64.0 30.0 -58.0 120.0
120 124 74.0 30.0 -58.0 150.0
120 137 44.0 30.0 -62.0 210.0
120 124 54.0 30.0 -62.0 240.0
120 120 64.0 30.0 -62.0 300.0
120 126 74.0 30.0 -62.0 330.0
120 137 44.0 30.0 -66.0 30.0
120 124 54.0 30.0 -66.0 60.0
120 120 64.0 30.0 -66.0 120.0
120 124 74.0 30.0 -66.0 150.0
120 120 44.0 30.0 -70.0 210.0
120 124 54.0 30.0 -70.0 240.0
120 124 64.0 30.0 -70.0 300.0
120 126 74.0 30.0 -70.0 330.0
120 126 44.0 30.0 -74.0 30.0
120 137 54.0 30.0 -74.0 60.0
120 126 64.0 30.0 -74.0 120.0
120 124 74.0 30.0 -74.0 150.0
120 140 74.0 30.0 -72.0 90.0
190 191 42.0 30.0 67.0 0.0
190 193 42.0 30.0 65.0 0.0
     
