
NUMPOLLIES 22

v -100.874374 0.000000 5.590103
v -104.409912 0.000000 9.125633
v -93.803314 0.000000 12.661175
v -86.732239 0.000000 12.661175
v -97.338837 0.000000 23.267773
v -79.661171 0.000000 19.732239
v -90.267776 0.000000 30.338840
v -79.661171 0.000000 26.803307
v -83.196709 0.000000 30.338840
v -97.338837 0.000000 16.196705
v -51.250008 0.000000 70.000000
v -68.750008 0.000000 70.000000
v -40.000004 0.000000 41.250008
v -40.000004 0.000000 47.500008
v -40.000004 0.000000 52.500008
v -40.000004 0.000000 58.750008
v -51.250000 0.000000 30.000004
v -52.500000 0.000000 30.000004
v -57.500000 0.000000 30.000004
v -68.750000 0.000000 30.000000
v -80.000008 0.000000 58.750000
v -80.000000 0.000000 41.250000
v -72.599998 0.000000 33.849998
v -76.150002 0.000000 37.400002
f 18 17 1
f 4 6 1
f 1 3 1
f 5 10 1
f 3 4 1
f 6 8 1
f 7 5 1
f 9 7 1
f 8 23 1
f 24 9 1
f 17 13 1
f 12 21 1
f 21 22 1
f 11 12 1
f 13 14 1
f 15 16 1
f 16 11 1
f 22 24 1
f 23 20 1
f 20 19 1
f 10 2 1
f 19 18 4