5 1 -20.000 -50.000 -20.000 -30.000 
5 2 -20.000 -10.000 -20.000 10.000 
5 3 -30.000 25.000 -45.000 40.000 
5 4 -5.000 0.000 0.000 15.000 
5 5 0.000 30.000 0.000 50.000 
5 6 10.000 -20.000 30.000 -20.000 
5 7 25.000 15.000 45.000 25.000 
5 8 75.000 22.000 90.000 22.000 
5 9 120.000 25.000 145.000 25.000 
90 5 13.000 -10.000 -13.000 0.000 
100 100 -12.625 0.000 -54.375 135.000 
200 1 -12.625 0.000 -54.375 0.000 
201 9 151.625 0.000 21.875 0.000 
204 4 0.000 0.000 -17.500 0.000 
204 6 22.500 20.000 -5.000 0.000 
204 8 102.500 0.000 22.500 0.000 
300 300 0.000 0.000 0.000 0.000 
300 301 0.000 0.000 0.000 0.000 
300 302 0.000 0.000 0.000 0.000 
300 303 0.000 0.000 0.000 0.000 
300 304 0.000 0.000 0.000 0.000 
300 305 0.000 0.000 0.000 0.000 
190 191 -38.0 0.0 -29.0 30.0 
120 136 -34.0 0.0 -29.0 60.0 
120 128 -30.0 0.0 -29.0 120.0 
120 132 -26.0 0.0 -29.0 150.0 
120 121 -22.0 0.0 -29.0 210.0 
120 136 -18.0 0.0 -29.0 240.0 
120 136 -14.0 0.0 -29.0 300.0 
120 128 -10.0 0.0 -29.0 330.0 
120 132 -6.0 0.0 -29.0 30.0 
120 128 -38.0 0.0 -35.0 60.0 
190 191 -34.0 0.0 -35.0 120.0 
120 128 -30.0 0.0 -35.0 150.0 
120 132 -26.0 0.0 -35.0 210.0 
120 121 -22.0 0.0 -35.0 240.0 
120 121 -18.0 0.0 -35.0 300.0 
120 121 -14.0 0.0 -35.0 330.0 
120 132 -10.0 0.0 -35.0 30.0 
120 132 -6.0 0.0 -35.0 60.0 
120 136 -38.0 0.0 -41.0 120.0 
120 136 -34.0 0.0 -41.0 150.0 
190 193 -30.0 0.0 -41.0 210.0 
120 121 -26.0 0.0 -41.0 240.0 
120 136 -22.0 0.0 -41.0 300.0 
120 121 -18.0 0.0 -41.0 330.0 
120 128 -14.0 0.0 -41.0 30.0 
120 136 -10.0 0.0 -41.0 60.0 
120 128 -6.0 0.0 -41.0 120.0 
120 132 -38.0 0.0 -47.0 150.0 
120 121 -34.0 0.0 -47.0 210.0 
120 136 -30.0 0.0 -47.0 240.0 
190 192 -26.0 0.0 -47.0 300.0 
120 132 -22.0 0.0 -47.0 330.0 
120 128 -18.0 0.0 -47.0 30.0 
120 136 -14.0 0.0 -47.0 60.0 
120 128 -10.0 0.0 -47.0 120.0 
120 136 -6.0 0.0 -47.0 150.0 
220 222 -25.8 0.0 -25.0 0.0 
220 222 -19.5 0.0 -25.0 0.0 
190 192 -24.0 0.0 24.0 30.0 
120 128 -21.0 0.0 24.0 60.0 
120 128 -24.0 0.0 18.0 120.0 
190 191 -21.0 0.0 18.0 150.0 
120 128 -24.0 0.0 12.0 210.0 
120 132 -21.0 0.0 12.0 240.0 
120 132 -24.0 0.0 6.0 300.0 
120 136 -21.0 0.0 6.0 330.0 
120 121 -24.0 0.0 0.0 30.0 
120 121 -21.0 0.0 0.0 60.0 
120 128 -24.0 0.0 -6.0 120.0 
120 121 -21.0 0.0 -6.0 150.0 
120 136 -24.0 0.0 -12.0 210.0 
120 121 -21.0 0.0 -12.0 240.0 
120 121 -24.0 0.0 -18.0 300.0 
120 128 -21.0 0.0 -18.0 330.0 
120 132 -24.0 0.0 -24.0 30.0 
120 136 -21.0 0.0 -24.0 60.0 
190 193 -48.0 0.0 41.0 30.0 
120 132 -45.0 0.0 41.0 60.0 
120 121 -42.0 0.0 41.0 120.0 
120 128 -39.0 0.0 41.0 150.0 
120 132 -36.0 0.0 41.0 210.0 
120 132 -33.0 0.0 41.0 240.0 
120 128 -48.0 0.0 35.0 300.0 
190 193 -45.0 0.0 35.0 330.0 
120 136 -42.0 0.0 35.0 30.0 
120 121 -39.0 0.0 35.0 60.0 
120 128 -36.0 0.0 35.0 120.0 
120 132 -33.0 0.0 35.0 150.0 
120 136 -48.0 0.0 29.0 210.0 
120 128 -45.0 0.0 29.0 240.0 
190 193 -42.0 0.0 29.0 300.0 
120 121 -39.0 0.0 29.0 330.0 
120 132 -36.0 0.0 29.0 30.0 
120 132 -33.0 0.0 29.0 60.0 
101 102 -32.0 0.0 28.0 0.0 
190 190 -19.0 0.0 1.0 30.0 
120 121 -16.0 0.0 1.0 60.0 
120 132 -13.0 0.0 1.0 120.0 
120 136 -10.0 0.0 1.0 150.0 
120 128 -7.0 0.0 1.0 210.0 
190 192 -1.0 0.0 26.0 30.0 
120 132 1.0 0.0 26.0 60.0 
120 136 -1.0 0.0 22.0 120.0 
190 193 1.0 0.0 22.0 150.0 
120 132 -1.0 0.0 18.0 210.0 
120 128 1.0 0.0 18.0 240.0 
120 136 -1.0 0.0 14.0 300.0 
120 132 1.0 0.0 14.0 330.0 
120 132 -1.0 0.0 10.0 30.0 
120 132 1.0 0.0 10.0 60.0 
120 136 -1.0 0.0 6.0 120.0 
120 121 1.0 0.0 6.0 150.0 
120 132 -1.0 0.0 2.0 210.0 
120 121 1.0 0.0 2.0 240.0 
120 136 -1.0 0.0 -2.0 300.0 
120 121 1.0 0.0 -2.0 330.0 
120 132 -1.0 0.0 -6.0 30.0 
120 132 1.0 0.0 -6.0 60.0 
120 136 -1.0 0.0 -10.0 120.0 
120 128 1.0 0.0 -10.0 150.0 
120 132 -1.0 0.0 -14.0 210.0 
120 128 1.0 0.0 -14.0 240.0 
190 192 3.0 0.0 1.0 30.0 
120 128 6.0 0.0 1.0 60.0 
120 128 9.0 0.0 1.0 120.0 
120 128 12.0 0.0 1.0 150.0 
190 192 -5.0 0.0 40.0 30.0 
120 121 -1.0 0.0 40.0 60.0 
120 128 3.0 0.0 40.0 120.0 
120 121 -5.0 0.0 34.0 150.0 
190 192 -1.0 0.0 34.0 210.0 
120 132 3.0 0.0 34.0 240.0 
120 136 -5.0 0.0 28.0 300.0 
120 128 -1.0 0.0 28.0 330.0 
190 192 3.0 0.0 28.0 30.0 
101 104 2.0 0.0 30.0 0.0 
190 192 -12.0 0.0 58.0 30.0 
120 121 -8.0 0.0 58.0 60.0 
120 132 -4.0 0.0 58.0 120.0 
120 128 0.0 0.0 58.0 150.0 
120 132 4.0 0.0 58.0 210.0 
120 132 8.0 0.0 58.0 240.0 
120 132 12.0 0.0 58.0 300.0 
120 136 -12.0 0.0 52.0 330.0 
190 192 -8.0 0.0 52.0 30.0 
120 136 -4.0 0.0 52.0 60.0 
120 128 0.0 0.0 52.0 120.0 
120 136 4.0 0.0 52.0 150.0 
120 136 8.0 0.0 52.0 210.0 
120 132 12.0 0.0 52.0 240.0 
120 132 -12.0 0.0 46.0 300.0 
120 121 -8.0 0.0 46.0 330.0 
190 192 -4.0 0.0 46.0 30.0 
120 121 0.0 0.0 46.0 60.0 
120 136 4.0 0.0 46.0 120.0 
120 121 8.0 0.0 46.0 150.0 
120 121 12.0 0.0 46.0 210.0 
220 225 0.0 0.0 59.0 180.0 
190 193 5.0 20.0 -16.0 30.0 
120 136 8.0 20.0 -16.0 60.0 
120 132 11.0 20.0 -16.0 120.0 
120 136 14.0 20.0 -16.0 150.0 
120 132 17.0 20.0 -16.0 210.0 
120 121 20.0 20.0 -16.0 240.0 
120 121 23.0 20.0 -16.0 300.0 
120 136 26.0 20.0 -16.0 330.0 
120 121 29.0 20.0 -16.0 30.0 
120 121 5.0 20.0 -22.0 60.0 
190 191 8.0 20.0 -22.0 120.0 
120 128 11.0 20.0 -22.0 150.0 
120 136 14.0 20.0 -22.0 210.0 
120 121 17.0 20.0 -22.0 240.0 
120 121 20.0 20.0 -22.0 300.0 
120 128 23.0 20.0 -22.0 330.0 
120 132 26.0 20.0 -22.0 30.0 
120 132 29.0 20.0 -22.0 60.0 
120 128 5.0 20.0 -28.0 120.0 
120 128 8.0 20.0 -28.0 150.0 
190 191 11.0 20.0 -28.0 210.0 
120 136 14.0 20.0 -28.0 240.0 
120 132 17.0 20.0 -28.0 300.0 
120 132 20.0 20.0 -28.0 330.0 
120 121 23.0 20.0 -28.0 30.0 
120 136 26.0 20.0 -28.0 60.0 
120 136 29.0 20.0 -28.0 120.0 
101 103 27.0 20.0 -15.0 0.0 
220 220 11.0 20.0 -26.0 0.0 
220 221 15.0 20.0 -22.0 0.0 
190 191 9.0 20.0 -38.0 30.0 
120 121 13.0 20.0 -38.0 60.0 
120 136 17.0 20.0 -38.0 120.0 
120 121 21.0 20.0 -38.0 150.0 
120 121 9.0 20.0 -41.0 210.0 
190 192 13.0 20.0 -41.0 240.0 
120 136 17.0 20.0 -41.0 300.0 
120 128 21.0 20.0 -41.0 330.0 
190 190 21.0 20.0 -9.0 30.0 
120 136 25.0 20.0 -9.0 60.0 
120 121 29.0 20.0 -9.0 120.0 
120 128 21.0 20.0 -12.0 150.0 
190 192 25.0 20.0 -12.0 210.0 
120 136 29.0 20.0 -12.0 240.0 
190 193 21.0 0.0 20.0 30.0 
120 136 24.0 0.0 20.0 60.0 
120 132 21.0 0.0 16.0 120.0 
190 191 24.0 0.0 16.0 150.0 
120 128 21.0 0.0 12.0 210.0 
120 132 24.0 0.0 12.0 240.0 
120 128 21.0 0.0 8.0 300.0 
120 136 24.0 0.0 8.0 330.0 
120 128 21.0 0.0 4.0 30.0 
120 121 24.0 0.0 4.0 60.0 
190 191 21.0 0.0 24.0 30.0 
120 136 25.0 0.0 24.0 60.0 
120 132 29.0 0.0 24.0 120.0 
120 132 21.0 0.0 21.0 150.0 
190 192 25.0 0.0 21.0 210.0 
120 121 29.0 0.0 21.0 240.0 
190 193 35.0 0.0 28.0 30.0 
120 136 39.0 0.0 28.0 60.0 
120 121 43.0 0.0 28.0 120.0 
120 132 35.0 0.0 22.0 150.0 
190 190 39.0 0.0 22.0 210.0 
120 136 43.0 0.0 22.0 240.0 
120 136 35.0 0.0 16.0 300.0 
120 132 39.0 0.0 16.0 330.0 
190 192 43.0 0.0 16.0 30.0 
220 223 41.0 0.0 -22.0 0.0 
190 192 48.0 0.0 24.0 30.0 
120 136 52.0 0.0 24.0 60.0 
120 136 56.0 0.0 24.0 120.0 
120 121 48.0 0.0 21.0 150.0 
190 191 52.0 0.0 21.0 210.0 
120 136 56.0 0.0 21.0 240.0 
190 192 61.0 0.0 32.0 30.0 
120 128 64.0 0.0 32.0 60.0 
120 128 61.0 0.0 28.0 120.0 
190 192 64.0 0.0 28.0 150.0 
120 132 61.0 0.0 24.0 210.0 
120 121 64.0 0.0 24.0 240.0 
120 128 61.0 0.0 20.0 300.0 
120 121 64.0 0.0 20.0 330.0 
120 136 61.0 0.0 16.0 30.0 
120 121 64.0 0.0 16.0 60.0 
190 192 74.0 0.0 41.0 30.0 
120 136 77.0 0.0 41.0 60.0 
120 128 80.0 0.0 41.0 120.0 
120 128 83.0 0.0 41.0 150.0 
120 136 86.0 0.0 41.0 210.0 
190 192 72.0 0.0 6.0 30.0 
120 121 75.0 0.0 6.0 60.0 
120 121 78.0 0.0 6.0 120.0 
120 132 81.0 0.0 6.0 150.0 
120 132 84.0 0.0 6.0 210.0 
120 132 87.0 0.0 6.0 240.0 
190 190 96.0 0.0 31.0 30.0 
120 132 99.0 0.0 31.0 60.0 
120 121 96.0 0.0 27.0 120.0 
190 193 99.0 0.0 27.0 150.0 
120 128 96.0 0.0 23.0 210.0 
120 132 99.0 0.0 23.0 240.0 
120 128 96.0 0.0 19.0 300.0 
120 132 99.0 0.0 19.0 330.0 
190 192 66.0 0.0 34.0 30.0 
120 128 69.0 0.0 36.0 60.0 
190 191 90.0 0.0 37.0 120.0 
120 132 93.0 0.0 35.0 150.0 
120 136 95.0 0.0 32.0 210.0 
120 121 65.0 0.0 13.0 240.0 
120 136 68.0 0.0 10.0 300.0 
120 132 70.0 0.0 8.0 330.0 
120 128 91.0 0.0 9.0 30.0 
120 128 96.0 0.0 14.0 60.0 
190 193 125.0 0.0 31.0 30.0 
120 136 129.0 0.0 31.0 60.0 
120 136 133.0 0.0 31.0 120.0 
120 128 137.0 0.0 31.0 150.0 
120 128 141.0 0.0 31.0 210.0 
120 121 145.0 0.0 31.0 240.0 
120 132 125.0 0.0 25.0 300.0 
190 190 129.0 0.0 25.0 330.0 
120 132 133.0 0.0 25.0 30.0 
120 128 137.0 0.0 25.0 60.0 
120 128 141.0 0.0 25.0 120.0 
120 128 145.0 0.0 25.0 150.0 
120 128 125.0 0.0 19.0 210.0 
120 128 129.0 0.0 19.0 240.0 
190 190 133.0 0.0 19.0 300.0 
120 121 137.0 0.0 19.0 330.0 
120 136 141.0 0.0 19.0 30.0 
120 136 145.0 0.0 19.0 60.0 
120 145 149.0 0.0 25.0 90.0 
190 191 120.0 0.0 22.0 90.0 
190 192 120.0 0.0 24.0 90.0 
190 193 122.0 0.0 23.0 90.0 
