
NUMPOLLIES 15

v -17.499990 -20.000000 -13.739999
v -21.249990 -19.999998 -13.739999
v 1.250002 -20.000000 2.499993
v -17.499992 -20.000000 2.499991
v -21.249992 -20.000000 2.499990
v -39.999992 -20.000000 2.499990
v 1.250002 -20.000000 4.999992
v -16.250002 -20.000000 39.999992
v -22.500000 -20.000000 39.999989
v -17.499998 -20.000000 41.249989
v -21.249998 -20.000000 41.249989
v -39.999992 -20.000000 4.999989
v -16.865000 -20.000000 -13.739999
v -21.885002 -19.999998 -13.739999
v -21.885002 -19.999998 -13.840001
v -16.865000 -20.000000 -13.840001
f 11 9 1
f 8 10 1
f 13 1 0
f 2 14 0
f 5 2 1
f 1 4 0
f 9 12 1
f 7 8 0
f 12 6 1
f 3 7 0
f 6 5 1
f 4 3 0
f 14 15 0
f 16 13 0
f 2 1 4