
NUMPOLLIES 15

v 26.250004 0.000000 -60.000000
v 12.500007 0.000000 -60.000008
v 31.250004 -0.000001 -55.000000
v 7.500008 0.000003 -55.000008
v 7.500008 0.000003 -52.500008
v 7.500008 0.000003 -48.750008
v 31.250004 -0.000001 -41.250004
v 7.500008 0.000003 -41.250008
v 28.750006 -0.000001 -38.750008
v 28.750004 0.000000 -36.250000
v 12.500003 0.000003 -36.250004
v 35.000000 0.000000 -37.500179
v 35.000000 -0.000001 -31.249580
v 26.250004 -0.000001 -31.249580
v 23.750002 -0.000001 -33.749580
v 23.750002 0.000000 -36.250000
v 33.750004 0.000000 -36.250000
f 17 12 1
f 16 11 1
f 2 1 0
f 4 2 0
f 1 3 0
f 5 4 0
f 3 7 0
f 7 9 1
f 9 10 1
f 10 17 1
f 13 14 1
f 14 15 1
f 15 16 1
f 8 6 1
f 11 8 1
