8 1 -125.000 0.000 -105.000 0.000  
8 2 -90.000 -20.000 -60.000 -40.000  
8 3 -55.000 -15.000 -55.000 5.000  
8 4 -85.000 25.000 -55.000 55.000  
8 5 -20.000 50.000 0.000 35.000  
8 6 0.000 -10.000 0.000 10.000  
8 7 45.000 -25.000 70.000 -45.000  
8 8 65.000 55.000 80.000 40.000  
8 9 105.000 25.000 125.000 0.000  
90 8 13.000 -10.000 -13.000 0.000  
100 100 -132.125 0.000 0.625 270.000  
200 1 -132.125 0.000 0.625 0.000  
201 9 134.625 10.000 -8.125 0.000  
203 8 58.125 10.000 63.125 0.000  
202 7 81.875 10.000 -61.875 0.000  
204 3 -55.000 0.000 22.500 0.000  
204 5 0.000 0.000 22.500 0.000  
204 6 12.286 10.000 -12.500 0.000  
300 300 0.000 0.000 0.000 0.000  
300 301 0.000 0.000 0.000 0.000  
300 302 0.000 0.000 0.000 0.000  
300 303 0.000 0.000 0.000 0.000  
300 304 0.000 0.000 0.000 0.000  
300 305 0.000 0.000 0.000 0.000  
190 193 -126.0 0.0 11.0 30.0  
120 133 -120.0 0.0 11.0 60.0  
120 133 -114.0 0.0 11.0 120.0  
120 133 -108.0 0.0 11.0 150.0  
120 131 -126.0 0.0 3.0 210.0  
190 192 -120.0 0.0 3.0 240.0  
120 125 -114.0 0.0 3.0 300.0  
120 125 -108.0 0.0 3.0 330.0  
120 125 -126.0 0.0 -5.0 30.0  
120 133 -120.0 0.0 -5.0 60.0  
190 193 -114.0 0.0 -5.0 120.0  
120 133 -108.0 0.0 -5.0 150.0  
220 222 -105.0 0.0 0.0 0.0  
190 192 -94.0 0.0 -19.0 30.0  
120 125 -91.0 0.0 -19.0 60.0  
120 133 -94.0 0.0 -23.0 120.0  
190 190 -91.0 0.0 -23.0 150.0  
190 191 -102.0 0.0 -9.0 300.0  
120 125 -100.0 0.0 -12.0 330.0  
120 133 -97.0 0.0 -14.0 120.0  
120 125 -85.0 0.0 -25.0 150.0  
190 193 -90.0 0.0 -27.0 210.0  
120 131 -86.0 0.0 -28.0 240.0  
120 125 -79.0 0.0 -31.0 30.0  
120 131 -77.0 0.0 -33.0 60.0  
190 190 -75.0 0.0 -35.0 120.0  
190 192 -77.0 0.0 -40.0 30.0  
120 131 -71.0 0.0 -40.0 60.0  
120 133 -77.0 0.0 -46.0 120.0  
190 193 -71.0 0.0 -46.0 150.0  
120 131 -77.0 0.0 -52.0 210.0  
120 133 -71.0 0.0 -52.0 240.0  
190 193 -66.0 0.0 -31.0 30.0  
120 125 -60.0 0.0 -31.0 60.0  
120 125 -66.0 0.0 -37.0 120.0  
190 191 -60.0 0.0 -37.0 150.0  
120 131 -66.0 0.0 -43.0 210.0  
120 133 -60.0 0.0 -43.0 240.0  
190 190 -51.0 0.0 -40.0 30.0  
120 133 -45.0 0.0 -40.0 60.0  
120 125 -51.0 0.0 -46.0 120.0  
190 190 -45.0 0.0 -46.0 150.0  
120 133 -51.0 0.0 -52.0 210.0  
120 133 -45.0 0.0 -52.0 240.0  
101 105 -52.0 0.0 -35.0 0.0  
190 193 -66.0 0.0 -56.0 30.0  
120 131 -60.0 0.0 -56.0 60.0  
120 133 -66.0 0.0 -62.0 120.0  
190 192 -60.0 0.0 -62.0 150.0  
120 125 -66.0 0.0 -68.0 210.0  
120 133 -60.0 0.0 -68.0 240.0  
190 193 -56.0 0.0 19.0 30.0  
120 131 -56.0 0.0 16.0 60.0  
120 131 -56.0 0.0 13.0 120.0  
120 131 -56.0 0.0 10.0 150.0  
120 133 -56.0 0.0 7.0 210.0  
120 133 -56.0 0.0 4.0 240.0  
120 133 -56.0 0.0 1.0 300.0  
120 131 -56.0 0.0 -2.0 330.0  
120 133 -56.0 0.0 -5.0 30.0  
120 133 -56.0 0.0 -8.0 60.0  
120 131 -56.0 0.0 -11.0 120.0  
120 131 -56.0 0.0 -14.0 150.0  
120 125 -56.0 0.0 -17.0 210.0  
120 131 -56.0 0.0 -20.0 240.0  
120 131 -56.0 0.0 -23.0 300.0  
120 131 -56.0 0.0 -26.0 330.0  
120 133 -56.0 0.0 -29.0 30.0  
190 190 -52.0 0.0 5.0 30.0  
120 125 -52.0 0.0 1.0 60.0  
120 133 -52.0 0.0 -3.0 120.0  
190 193 -94.0 0.0 28.0 30.0  
120 133 -90.0 0.0 28.0 60.0  
120 133 -86.0 0.0 28.0 120.0  
120 133 -94.0 0.0 22.0 150.0  
190 190 -90.0 0.0 22.0 210.0  
120 131 -86.0 0.0 22.0 240.0  
190 190 -101.0 0.0 7.0 60.0  
120 133 -97.0 0.0 15.0 120.0  
120 133 -100.0 0.0 11.0 150.0  
190 192 -80.0 0.0 32.0 240.0  
120 125 -76.0 0.0 35.0 300.0  
120 133 -76.0 0.0 32.0 30.0  
190 193 -73.0 0.0 63.0 30.0  
120 131 -69.0 0.0 63.0 60.0  
120 131 -65.0 0.0 63.0 120.0  
120 131 -61.0 0.0 63.0 150.0  
120 133 -57.0 0.0 63.0 210.0  
120 131 -53.0 0.0 63.0 240.0  
120 131 -49.0 0.0 63.0 300.0  
120 133 -73.0 0.0 57.0 330.0  
190 191 -69.0 0.0 57.0 30.0  
120 133 -65.0 0.0 57.0 60.0  
120 133 -61.0 0.0 57.0 120.0  
120 125 -57.0 0.0 57.0 150.0  
120 133 -53.0 0.0 57.0 210.0  
120 125 -49.0 0.0 57.0 240.0  
120 125 -73.0 0.0 51.0 300.0  
120 133 -69.0 0.0 51.0 330.0  
190 192 -65.0 0.0 51.0 30.0  
120 133 -61.0 0.0 51.0 60.0  
120 133 -57.0 0.0 51.0 120.0  
120 125 -53.0 0.0 51.0 150.0  
120 131 -49.0 0.0 51.0 210.0  
120 125 -73.0 0.0 45.0 240.0  
120 125 -69.0 0.0 45.0 300.0  
120 125 -65.0 0.0 45.0 330.0  
190 190 -61.0 0.0 45.0 30.0  
120 133 -57.0 0.0 45.0 60.0  
120 125 -53.0 0.0 45.0 120.0  
120 133 -49.0 0.0 45.0 150.0  
101 102 -70.0 0.0 45.0 0.0  
220 220 -67.0 0.0 45.0 0.0  
220 220 -55.0 0.0 57.0 90.0  
190 191 -39.0 0.0 51.0 30.0  
120 131 -36.0 0.0 51.0 60.0  
120 125 -33.0 0.0 51.0 120.0  
120 131 -30.0 0.0 51.0 150.0  
120 125 -27.0 0.0 51.0 210.0  
120 133 -24.0 0.0 51.0 240.0  
120 133 -21.0 0.0 51.0 300.0  
120 133 -18.0 0.0 51.0 330.0  
120 133 -15.0 0.0 51.0 30.0  
120 133 -12.0 0.0 51.0 60.0  
190 193 -41.5 0.0 30.0 210.0  
120 131 -37.8 0.0 33.8 240.0  
120 125 -8.0 0.0 48.0 300.0  
120 131 -3.0 0.0 44.0 30.0  
120 133 -5.0 0.0 44.0 120.0  
190 190 -1.0 0.0 40.0 30.0  
120 125 -1.0 0.0 37.0 60.0  
120 131 -1.0 0.0 34.0 120.0  
120 133 -1.0 0.0 31.0 150.0  
120 133 -1.0 0.0 28.0 210.0  
190 192 -15.0 10.0 5.0 30.0  
120 133 -11.0 10.0 5.0 60.0  
120 131 -15.0 10.0 -1.0 120.0  
190 192 -11.0 10.0 -1.0 150.0  
190 192 -5.0 10.0 15.0 30.0  
120 125 1.0 10.0 15.0 60.0  
120 131 -5.0 10.0 9.0 120.0  
190 192 1.0 10.0 9.0 150.0  
101 103 5.0 10.0 10.0 0.0  
190 192 8.0 10.0 5.0 30.0  
120 133 12.0 10.0 5.0 60.0  
120 133 8.0 10.0 -1.0 120.0  
190 191 12.0 10.0 -1.0 150.0  
190 190 -5.0 10.0 -6.0 30.0  
120 125 1.0 10.0 -6.0 60.0  
120 133 -5.0 10.0 -12.0 120.0  
190 190 1.0 10.0 -12.0 150.0  
190 193 25.0 10.0 -24.0 30.0  
120 133 28.0 10.0 -24.0 60.0  
120 131 31.0 10.0 -24.0 120.0  
120 125 34.0 10.0 -24.0 150.0  
120 133 37.0 10.0 -24.0 210.0  
190 190 40.0 10.0 -28.0 30.0  
120 133 41.0 10.0 -25.0 120.0  
120 125 43.0 10.0 -29.0 150.0  
190 192 46.0 10.0 -31.0 30.0  
120 133 49.0 10.0 -31.0 60.0  
120 131 52.0 10.0 -31.0 120.0  
120 133 55.0 10.0 -31.0 150.0  
190 192 59.0 10.0 -34.0 30.0  
120 125 67.0 10.0 -34.0 60.0  
120 133 75.0 10.0 -34.0 120.0  
190 192 51.0 10.0 -42.0 30.0  
120 131 56.0 10.0 -42.0 60.0  
120 133 61.0 10.0 -42.0 120.0  
120 133 66.0 10.0 -42.0 150.0  
120 133 71.0 10.0 -42.0 210.0  
120 125 76.0 10.0 -42.0 240.0  
120 133 81.0 10.0 -42.0 300.0  
120 131 86.0 10.0 -42.0 330.0  
120 131 51.0 10.0 -48.0 30.0  
190 190 56.0 10.0 -48.0 60.0  
120 133 61.0 10.0 -48.0 120.0  
120 125 66.0 10.0 -48.0 150.0  
120 131 71.0 10.0 -48.0 210.0  
120 133 76.0 10.0 -48.0 240.0  
120 133 81.0 10.0 -48.0 300.0  
120 125 86.0 10.0 -48.0 330.0  
120 131 51.0 10.0 -54.0 30.0  
120 125 56.0 10.0 -54.0 60.0  
190 193 61.0 10.0 -54.0 120.0  
120 131 66.0 10.0 -54.0 150.0  
120 133 71.0 10.0 -54.0 210.0  
120 133 76.0 10.0 -54.0 240.0  
120 133 81.0 10.0 -54.0 300.0  
120 133 86.0 10.0 -54.0 330.0  
220 224 69.0 10.0 -44.0 0.0  
190 193 52.0 10.0 58.0 30.0  
120 125 58.0 10.0 58.0 60.0  
120 133 52.0 10.0 52.0 120.0  
190 193 58.0 10.0 52.0 150.0  
120 133 52.0 10.0 46.0 210.0  
120 131 58.0 10.0 46.0 240.0  
190 190 65.0 10.0 68.0 30.0  
120 133 71.0 10.0 68.0 60.0  
120 133 65.0 10.0 62.0 120.0  
190 192 71.0 10.0 62.0 150.0  
120 133 65.0 10.0 56.0 210.0  
120 133 71.0 10.0 56.0 240.0  
190 192 78.0 10.0 58.0 30.0  
120 125 84.0 10.0 58.0 60.0  
120 133 78.0 10.0 52.0 120.0  
190 192 84.0 10.0 52.0 150.0  
120 133 78.0 10.0 46.0 210.0  
120 131 84.0 10.0 46.0 240.0  
190 191 65.0 10.0 44.0 30.0  
120 125 71.0 10.0 44.0 60.0  
120 125 65.0 10.0 38.0 120.0  
190 192 71.0 10.0 38.0 150.0  
120 133 65.0 10.0 32.0 210.0  
120 131 71.0 10.0 32.0 240.0  
190 190 98.0 10.0 33.0 30.0  
120 125 104.0 10.0 33.0 60.0  
120 133 110.0 10.0 33.0 120.0  
120 125 98.0 10.0 27.0 150.0  
190 192 104.0 10.0 27.0 210.0  
120 133 110.0 10.0 27.0 240.0  
190 190 87.0 10.0 31.0 210.0  
120 125 91.0 10.0 28.0 240.0  
120 133 104.0 10.0 20.0 300.0  
120 133 107.0 10.0 11.0 30.0  
190 193 84.0 10.0 34.0 60.0  
120 133 88.0 10.0 34.0 120.0  
120 125 90.0 10.0 31.0 150.0  
120 133 108.0 10.0 14.0 240.0  
190 192 111.0 10.0 10.0 300.0  
190 192 114.0 10.0 7.0 30.0  
120 131 120.0 10.0 7.0 60.0  
120 133 126.0 10.0 7.0 120.0  
120 133 132.0 10.0 7.0 150.0  
120 133 114.0 10.0 1.0 210.0  
190 193 120.0 10.0 1.0 240.0  
120 125 126.0 10.0 1.0 300.0  
120 125 132.0 10.0 1.0 330.0  
120 133 114.0 10.0 -5.0 30.0  
120 133 120.0 10.0 -5.0 60.0  
190 192 126.0 10.0 -5.0 120.0  
120 133 132.0 10.0 -5.0 150.0  
120 144 132.0 10.0 -8.0 120.0  
190 192 125.0 10.0 12.0 45.0  
190 193 125.0 10.0 14.0 45.0  
