
NUMPOLLIES 14

v -80.000000 10.000000 -69.500000
v -92.500008 10.000000 -69.500000
v -97.500008 10.000000 -69.500000
v -68.750000 10.000000 -98.250000
v -68.750000 10.000000 -80.750000
v -80.000000 10.000000 -109.500000
v -97.500000 10.000000 -109.500000
v -108.750000 10.000000 -80.750008
v -108.750000 10.000000 -98.250000
v -112.499992 10.000000 -29.499992
v -117.499992 10.000000 -29.499992
v -92.499992 10.000000 -59.499992
v -97.499992 10.000000 -59.499992
v -102.499992 10.000000 -49.499992
v -107.499992 10.000000 -49.499992
v -102.499992 10.000000 -39.499992
v -107.499992 10.000000 -39.499992
f 11 17 1
f 16 10 1
f 15 13 1
f 12 14 1
f 17 15 1
f 14 16 1
f 2 12 1
f 13 3 1
f 1 2 1
f 8 9 1
f 9 7 1
f 5 1 1
f 3 8 1
f 6 4 1
