
NUMPOLLIES 13

v 78.750000 10.000001 70.000000
v 61.249996 10.000001 70.000000
v 90.000000 10.000002 41.250008
v 90.000000 10.000002 58.750008
v 78.750000 10.000001 30.000004
v 61.250004 10.000001 30.000000
v 82.500000 10.000002 33.750004
v 86.250000 10.000002 37.500008
v 49.999996 10.000001 41.250000
v 76.250000 10.000001 45.000004
v 63.750000 10.000001 45.000004
v 76.250000 10.000001 55.000004
v 63.750000 10.000001 55.000004
v 49.999996 10.000001 58.750000
f 14 9 1
f 3 4 1
f 10 11 1
f 11 13 1
f 12 10 1
f 13 12 1
f 4 1 1
f 2 14 1
f 1 2 1
f 6 5 1
f 9 6 1
f 5 7 1
f 8 3 1
