3 1 -90.000 0.000 -60.000 0.000
3 2 -55.000 0.000 -15.000 0.000
3 3 -15.000 0.000 25.000 0.000
3 4 25.000 0.000 50.000 0.000
3 5 25.000 50.000 50.000 50.000
3 6 0.000 40.000 0.000 60.000
3 7 5.000 80.000 5.000 90.000
3 8 25.000 85.000 35.000 85.000
13 11 -90.000 0.000 -60.000 0.000
13 14 25.000 0.000 50.000 0.000
13 21 -90.000 0.000 -60.000 0.000
13 24 25.000 0.000 50.000 0.000
90 3 13.000 -10.000 -13.000 0.000
100 100 -96.875 90.000 -3.125 270.000
200 1 -96.875 90.000 -3.125 0.000
201 8 37.393 0.000 85.625 0.000
204 1 -57.500 90.000 0.000 0.000
204 4 60.000 60.000 9.785 0.000
204 5 22.500 40.000 50.000 0.000
204 6 5.500 40.000 72.500 0.000
204 7 18.000 20.000 85.000 0.000
300 300 0.000 0.000 0.000 0.000
300 301 0.000 0.000 0.000 0.000
300 302 0.000 0.000 0.000 0.000
300 303 0.000 0.000 0.000 0.000
300 304 0.000 0.000 0.000 0.000
300 305 0.000 0.000 0.000 0.000
190 192 -91.0 90.0 11.0 30.0
120 132 -87.0 90.0 11.0 60.0
120 132 -83.0 90.0 11.0 120.0
120 132 -91.0 90.0 5.0 150.0
190 191 -87.0 90.0 5.0 210.0
120 132 -83.0 90.0 5.0 240.0
120 132 -91.0 90.0 -1.0 300.0
120 135 -87.0 90.0 -1.0 330.0
190 190 -83.0 90.0 -1.0 30.0
120 132 -91.0 90.0 -7.0 60.0
120 132 -87.0 90.0 -7.0 120.0
120 132 -83.0 90.0 -7.0 150.0
220 224 -85.0 90.0 5.0 0.0
190 190 -78.0 90.0 5.0 30.0
120 124 -74.0 90.0 5.0 60.0
120 124 -78.0 90.0 1.0 120.0
190 192 -74.0 90.0 1.0 150.0
120 132 -78.0 90.0 -3.0 210.0
120 124 -74.0 90.0 -3.0 240.0
190 191 -50.0 60.0 13.0 30.0
120 132 -46.0 60.0 13.0 60.0
120 124 -42.0 60.0 13.0 120.0
120 135 -38.0 60.0 13.0 150.0
120 132 -34.0 60.0 13.0 210.0
120 132 -30.0 60.0 13.0 240.0
120 135 -26.0 60.0 13.0 300.0
120 132 -22.0 60.0 13.0 330.0
120 132 -18.0 60.0 13.0 30.0
120 132 -50.0 60.0 7.0 60.0
190 190 -46.0 60.0 7.0 120.0
120 132 -42.0 60.0 7.0 150.0
120 124 -38.0 60.0 7.0 210.0
120 124 -34.0 60.0 7.0 240.0
120 135 -30.0 60.0 7.0 300.0
120 132 -26.0 60.0 7.0 330.0
120 135 -22.0 60.0 7.0 30.0
120 124 -18.0 60.0 7.0 60.0
120 132 -50.0 60.0 1.0 120.0
120 132 -46.0 60.0 1.0 150.0
190 192 -42.0 60.0 1.0 210.0
120 135 -38.0 60.0 1.0 240.0
120 124 -34.0 60.0 1.0 300.0
120 124 -30.0 60.0 1.0 330.0
120 124 -26.0 60.0 1.0 30.0
120 135 -22.0 60.0 1.0 60.0
120 135 -18.0 60.0 1.0 120.0
120 124 -50.0 60.0 -5.0 150.0
120 132 -46.0 60.0 -5.0 210.0
120 132 -42.0 60.0 -5.0 240.0
190 190 -38.0 60.0 -5.0 300.0
120 132 -34.0 60.0 -5.0 330.0
120 132 -30.0 60.0 -5.0 30.0
120 132 -26.0 60.0 -5.0 60.0
120 132 -22.0 60.0 -5.0 120.0
120 135 -18.0 60.0 -5.0 150.0
101 104 -40.0 60.0 -5.0 0.0
220 220 -44.0 60.0 7.0 0.0
220 221 -40.0 60.0 11.0 90.0
190 190 -14.0 60.0 1.0 30.0
120 135 -11.0 60.0 1.0 60.0
120 132 -8.0 60.0 1.0 120.0
120 132 -5.0 60.0 1.0 150.0
120 135 -2.0 60.0 1.0 210.0
190 190 0.0 60.0 1.0 30.0
120 135 3.0 60.0 1.0 60.0
120 132 6.0 60.0 1.0 120.0
120 135 0.0 60.0 -2.0 150.0
190 192 3.0 60.0 -2.0 210.0
120 124 6.0 60.0 -2.0 240.0
190 190 12.0 60.0 1.0 30.0
120 124 15.0 60.0 1.0 60.0
120 124 18.0 60.0 1.0 120.0
120 132 21.0 60.0 1.0 150.0
120 135 24.0 60.0 1.0 210.0
190 190 37.0 60.0 11.0 30.0
120 132 41.0 60.0 11.0 60.0
120 132 45.0 60.0 11.0 120.0
120 132 49.0 60.0 11.0 150.0
120 132 53.0 60.0 11.0 210.0
120 132 37.0 60.0 5.0 240.0
190 190 41.0 60.0 5.0 300.0
120 135 45.0 60.0 5.0 330.0
120 135 49.0 60.0 5.0 30.0
120 132 53.0 60.0 5.0 60.0
120 124 37.0 60.0 -1.0 120.0
120 124 41.0 60.0 -1.0 150.0
190 190 45.0 60.0 -1.0 210.0
120 132 49.0 60.0 -1.0 240.0
120 132 53.0 60.0 -1.0 300.0
120 132 37.0 60.0 -7.0 330.0
120 135 41.0 60.0 -7.0 30.0
120 124 45.0 60.0 -7.0 60.0
190 190 49.0 60.0 -7.0 120.0
120 132 53.0 60.0 -7.0 150.0
101 103 35.0 60.0 -3.0 0.0
220 222 43.0 60.0 -3.0 0.0
190 192 32.0 40.0 64.0 30.0
120 124 36.0 40.0 64.0 60.0
120 132 40.0 40.0 64.0 120.0
120 132 44.0 40.0 64.0 150.0
120 124 48.0 40.0 64.0 210.0
120 132 52.0 40.0 64.0 240.0
120 135 56.0 40.0 64.0 300.0
120 135 32.0 40.0 58.0 330.0
190 190 36.0 40.0 58.0 30.0
120 132 40.0 40.0 58.0 60.0
120 132 44.0 40.0 58.0 120.0
120 135 48.0 40.0 58.0 150.0
120 132 52.0 40.0 58.0 210.0
120 132 56.0 40.0 58.0 240.0
120 132 32.0 40.0 52.0 300.0
120 124 36.0 40.0 52.0 330.0
190 191 40.0 40.0 52.0 30.0
120 132 44.0 40.0 52.0 60.0
120 124 48.0 40.0 52.0 120.0
120 132 52.0 40.0 52.0 150.0
120 132 56.0 40.0 52.0 210.0
120 135 32.0 40.0 46.0 240.0
120 135 36.0 40.0 46.0 300.0
120 135 40.0 40.0 46.0 330.0
190 191 44.0 40.0 46.0 30.0
120 132 48.0 40.0 46.0 60.0
120 124 52.0 40.0 46.0 120.0
120 135 56.0 40.0 46.0 150.0
120 124 32.0 40.0 40.0 210.0
120 135 36.0 40.0 40.0 240.0
120 132 40.0 40.0 40.0 300.0
120 132 44.0 40.0 40.0 330.0
190 192 48.0 40.0 40.0 30.0
120 132 52.0 40.0 40.0 60.0
120 132 56.0 40.0 40.0 120.0
220 223 50.0 40.0 42.0 0.0
220 223 54.0 40.0 46.0 0.0
220 225 46.0 40.0 62.0 180.0
190 190 -4.0 40.0 63.0 30.0
120 132 0.0 40.0 63.0 60.0
120 124 4.0 40.0 63.0 120.0
120 132 8.0 40.0 63.0 150.0
120 124 -4.0 40.0 57.0 210.0
190 190 0.0 40.0 57.0 240.0
120 124 4.0 40.0 57.0 300.0
120 132 8.0 40.0 57.0 330.0
120 132 -4.0 40.0 51.0 30.0
120 135 0.0 40.0 51.0 60.0
190 192 4.0 40.0 51.0 120.0
120 132 8.0 40.0 51.0 150.0
120 124 -4.0 40.0 45.0 210.0
120 132 0.0 40.0 45.0 240.0
120 132 4.0 40.0 45.0 300.0
190 191 8.0 40.0 45.0 330.0
220 220 -2.0 40.0 45.0 0.0
190 190 3.0 20.0 77.0 30.0
120 124 0.0 20.0 80.0 60.0
120 132 -2.0 20.0 83.0 120.0
120 132 -3.0 20.0 85.0 150.0
120 135 -1.0 20.0 87.0 210.0
120 132 2.0 20.0 90.0 240.0
120 132 3.0 20.0 93.0 300.0
190 191 6.0 20.0 93.0 330.0
120 132 8.0 20.0 93.0 30.0
120 135 10.0 20.0 90.0 60.0
120 132 13.0 20.0 88.0 120.0
120 135 13.0 20.0 85.0 150.0
120 124 13.0 20.0 82.0 210.0
120 135 10.0 20.0 80.0 240.0
190 191 8.0 20.0 77.0 300.0
190 192 25.0 0.0 91.0 30.0
120 135 28.0 0.0 91.0 60.0
120 132 31.0 0.0 91.0 120.0
120 124 34.0 0.0 91.0 150.0
120 132 25.0 0.0 87.0 210.0
190 190 28.0 0.0 87.0 240.0
120 132 31.0 0.0 87.0 300.0
120 124 34.0 0.0 87.0 330.0
120 135 25.0 0.0 83.0 30.0
120 132 28.0 0.0 83.0 60.0
190 190 31.0 0.0 83.0 120.0
120 132 34.0 0.0 83.0 150.0
120 143 36.0 0.0 86.0 90.0
190 191 22.0 0.0 83.0 120.0
190 192 23.0 0.0 82.0 120.0
