8 1 -125.000 0.000 -105.000 0.000  
8 2 -90.000 -20.000 -60.000 -40.000  
8 3 -55.000 -15.000 -55.000 5.000  
8 4 -85.000 25.000 -55.000 55.000  
8 5 -20.000 50.000 0.000 35.000  
8 6 0.000 -10.000 0.000 10.000  
8 7 45.000 -25.000 70.000 -45.000  
8 8 65.000 55.000 80.000 40.000  
8 9 105.000 25.000 125.000 0.000  
90 8 13.000 -10.000 -13.000 0.000  
100 100 -132.125 0.000 0.625 270.000  
200 1 -132.125 0.000 0.625 0.000  
201 9 134.625 10.000 -8.125 0.000  
203 8 58.125 10.000 63.125 0.000  
202 7 81.875 10.000 -61.875 0.000  
204 3 -55.000 0.000 22.500 0.000  
204 5 0.000 0.000 22.500 0.000  
204 6 12.286 10.000 -12.500 0.000  
300 300 0.000 0.000 0.000 0.000  
300 301 0.000 0.000 0.000 0.000  
300 302 0.000 0.000 0.000 0.000  
300 303 0.000 0.000 0.000 0.000  
300 304 0.000 0.000 0.000 0.000  
300 305 0.000 0.000 0.000 0.000  
190 191 -126.0 0.0 11.0 30.0  
120 133 -122.0 0.0 11.0 60.0  
120 125 -118.0 0.0 11.0 120.0  
120 131 -114.0 0.0 11.0 150.0  
120 133 -110.0 0.0 11.0 210.0  
120 133 -126.0 0.0 5.0 240.0  
190 193 -122.0 0.0 5.0 300.0  
120 125 -118.0 0.0 5.0 330.0  
120 133 -114.0 0.0 5.0 30.0  
120 131 -110.0 0.0 5.0 60.0  
120 125 -126.0 0.0 -1.0 120.0  
120 133 -122.0 0.0 -1.0 150.0  
190 192 -118.0 0.0 -1.0 210.0  
120 133 -114.0 0.0 -1.0 240.0  
120 131 -110.0 0.0 -1.0 300.0  
120 131 -126.0 0.0 -7.0 330.0  
120 133 -122.0 0.0 -7.0 30.0  
120 125 -118.0 0.0 -7.0 60.0  
190 193 -114.0 0.0 -7.0 120.0  
120 125 -110.0 0.0 -7.0 150.0  
220 222 -105.0 0.0 0.0 0.0  
190 191 -94.0 0.0 -19.0 30.0  
120 133 -91.0 0.0 -19.0 60.0  
120 133 -94.0 0.0 -23.0 120.0  
190 190 -91.0 0.0 -23.0 150.0  
190 193 -102.0 0.0 -9.0 300.0  
120 133 -99.0 0.0 -9.0 30.0  
190 191 -97.0 0.0 -12.0 60.0  
120 133 -97.0 0.0 -14.0 120.0  
120 133 -85.0 0.0 -25.0 150.0  
190 192 -90.0 0.0 -27.0 210.0  
120 133 -82.0 0.0 -28.0 300.0  
190 192 -80.0 0.0 -29.0 330.0  
120 131 -79.0 0.0 -31.0 30.0  
120 125 -77.0 0.0 -33.0 60.0  
190 193 -75.0 0.0 -35.0 120.0  
190 191 -77.0 0.0 -40.0 30.0  
120 131 -71.0 0.0 -40.0 60.0  
120 125 -77.0 0.0 -46.0 120.0  
190 190 -71.0 0.0 -46.0 150.0  
120 133 -77.0 0.0 -52.0 210.0  
120 125 -71.0 0.0 -52.0 240.0  
190 190 -66.0 0.0 -31.0 30.0  
120 133 -60.0 0.0 -31.0 60.0  
120 133 -66.0 0.0 -37.0 120.0  
190 190 -60.0 0.0 -37.0 150.0  
120 133 -66.0 0.0 -43.0 210.0  
120 133 -60.0 0.0 -43.0 240.0  
190 190 -51.0 0.0 -40.0 30.0  
120 133 -45.0 0.0 -40.0 60.0  
120 125 -51.0 0.0 -46.0 120.0  
190 192 -45.0 0.0 -46.0 150.0  
120 131 -51.0 0.0 -52.0 210.0  
120 133 -45.0 0.0 -52.0 240.0  
101 105 -52.0 0.0 -35.0 0.0  
190 191 -66.0 0.0 -56.0 30.0  
120 133 -62.0 0.0 -56.0 60.0  
120 125 -58.0 0.0 -56.0 120.0  
120 133 -66.0 0.0 -62.0 150.0  
190 193 -62.0 0.0 -62.0 210.0  
120 131 -58.0 0.0 -62.0 240.0  
120 125 -66.0 0.0 -68.0 300.0  
120 133 -62.0 0.0 -68.0 330.0  
190 191 -58.0 0.0 -68.0 30.0  
190 192 -56.0 0.0 19.0 30.0  
120 133 -56.0 0.0 17.0 60.0  
120 133 -56.0 0.0 15.0 120.0  
120 131 -56.0 0.0 13.0 150.0  
120 133 -56.0 0.0 11.0 210.0  
120 133 -56.0 0.0 9.0 240.0  
120 133 -56.0 0.0 7.0 300.0  
120 133 -56.0 0.0 5.0 330.0  
120 133 -56.0 0.0 3.0 30.0  
120 131 -56.0 0.0 1.0 60.0  
120 133 -56.0 0.0 -1.0 120.0  
120 125 -56.0 0.0 -3.0 150.0  
120 133 -56.0 0.0 -5.0 210.0  
120 133 -56.0 0.0 -7.0 240.0  
120 133 -56.0 0.0 -9.0 300.0  
120 133 -56.0 0.0 -11.0 330.0  
120 131 -56.0 0.0 -13.0 30.0  
120 133 -56.0 0.0 -15.0 60.0  
120 133 -56.0 0.0 -17.0 120.0  
120 131 -56.0 0.0 -19.0 150.0  
120 125 -56.0 0.0 -21.0 210.0  
120 133 -56.0 0.0 -23.0 240.0  
120 133 -56.0 0.0 -25.0 300.0  
120 133 -56.0 0.0 -27.0 330.0  
120 133 -56.0 0.0 -29.0 30.0  
190 193 -52.0 0.0 5.0 30.0  
120 131 -52.0 0.0 2.0 60.0  
120 125 -52.0 0.0 -1.0 120.0  
190 190 -94.0 0.0 28.0 30.0  
120 133 -90.0 0.0 28.0 60.0  
120 133 -86.0 0.0 28.0 120.0  
120 125 -94.0 0.0 22.0 150.0  
190 193 -90.0 0.0 22.0 210.0  
120 131 -86.0 0.0 22.0 240.0  
190 192 -101.0 0.0 7.0 60.0  
120 125 -97.0 0.0 15.0 120.0  
120 131 -100.0 0.0 11.0 150.0  
190 192 -80.0 0.0 32.0 240.0  
120 125 -76.0 0.0 35.0 300.0  
120 133 -80.0 0.0 28.0 330.0  
190 192 -73.0 0.0 63.0 30.0  
120 133 -70.0 0.0 63.0 60.0  
120 133 -67.0 0.0 63.0 120.0  
120 133 -64.0 0.0 63.0 150.0  
120 133 -61.0 0.0 63.0 210.0  
120 125 -58.0 0.0 63.0 240.0  
120 131 -55.0 0.0 63.0 300.0  
120 125 -52.0 0.0 63.0 330.0  
120 133 -49.0 0.0 63.0 30.0  
120 133 -46.0 0.0 63.0 60.0  
120 125 -73.0 0.0 57.0 120.0  
190 190 -70.0 0.0 57.0 150.0  
120 131 -67.0 0.0 57.0 210.0  
120 133 -64.0 0.0 57.0 240.0  
120 133 -61.0 0.0 57.0 300.0  
120 131 -58.0 0.0 57.0 330.0  
120 133 -55.0 0.0 57.0 30.0  
120 131 -52.0 0.0 57.0 60.0  
120 131 -49.0 0.0 57.0 120.0  
120 133 -46.0 0.0 57.0 150.0  
120 133 -73.0 0.0 51.0 210.0  
120 125 -70.0 0.0 51.0 240.0  
190 191 -67.0 0.0 51.0 300.0  
120 133 -64.0 0.0 51.0 330.0  
120 133 -61.0 0.0 51.0 30.0  
120 125 -58.0 0.0 51.0 60.0  
120 125 -55.0 0.0 51.0 120.0  
120 133 -52.0 0.0 51.0 150.0  
120 133 -49.0 0.0 51.0 210.0  
120 133 -46.0 0.0 51.0 240.0  
120 131 -73.0 0.0 45.0 300.0  
120 131 -70.0 0.0 45.0 330.0  
120 133 -67.0 0.0 45.0 30.0  
190 193 -64.0 0.0 45.0 60.0  
120 133 -61.0 0.0 45.0 120.0  
120 133 -58.0 0.0 45.0 150.0  
120 133 -55.0 0.0 45.0 210.0  
120 133 -52.0 0.0 45.0 240.0  
120 133 -49.0 0.0 45.0 300.0  
120 131 -46.0 0.0 45.0 330.0  
101 102 -70.0 0.0 45.0 0.0  
220 220 -67.0 0.0 45.0 0.0  
220 220 -55.0 0.0 57.0 90.0  
190 192 -39.0 0.0 51.0 30.0  
120 133 -37.0 0.0 51.0 60.0  
120 125 -35.0 0.0 51.0 120.0  
120 131 -33.0 0.0 51.0 150.0  
120 125 -31.0 0.0 51.0 210.0  
120 133 -29.0 0.0 51.0 240.0  
120 131 -27.0 0.0 51.0 300.0  
120 133 -25.0 0.0 51.0 330.0  
120 131 -23.0 0.0 51.0 30.0  
120 133 -21.0 0.0 51.0 60.0  
120 133 -19.0 0.0 51.0 120.0  
120 133 -17.0 0.0 51.0 150.0  
120 133 -15.0 0.0 51.0 210.0  
120 133 -13.0 0.0 51.0 240.0  
120 131 -11.0 0.0 51.0 300.0  
190 191 -41.5 0.0 30.0 330.0  
120 133 -37.8 0.0 33.8 30.0  
120 125 -5.0 0.0 46.0 60.0  
120 131 -3.0 0.0 44.0 120.0  
120 133 -5.0 0.0 44.0 150.0  
190 193 -1.0 0.0 40.0 30.0  
120 133 -1.0 0.0 38.0 60.0  
120 131 -1.0 0.0 36.0 120.0  
120 133 -1.0 0.0 34.0 150.0  
120 133 -1.0 0.0 32.0 210.0  
120 125 -1.0 0.0 30.0 240.0  
120 133 -1.0 0.0 28.0 300.0  
120 125 -1.0 0.0 26.0 330.0  
190 192 -15.0 10.0 5.0 30.0  
120 125 -11.0 10.0 5.0 60.0  
120 133 -15.0 10.0 -1.0 120.0  
190 190 -11.0 10.0 -1.0 150.0  
190 192 -5.0 10.0 15.0 30.0  
120 125 1.0 10.0 15.0 60.0  
120 125 -5.0 10.0 9.0 120.0  
190 192 1.0 10.0 9.0 150.0  
101 103 5.0 10.0 10.0 0.0  
190 190 8.0 10.0 5.0 30.0  
120 131 12.0 10.0 5.0 60.0  
120 125 8.0 10.0 -1.0 120.0  
190 193 12.0 10.0 -1.0 150.0  
190 190 -5.0 10.0 -6.0 30.0  
120 131 1.0 10.0 -6.0 60.0  
120 125 -5.0 10.0 -12.0 120.0  
190 192 1.0 10.0 -12.0 150.0  
190 193 25.0 10.0 -24.0 30.0  
120 133 28.0 10.0 -24.0 60.0  
120 131 31.0 10.0 -24.0 120.0  
120 131 34.0 10.0 -24.0 150.0  
120 133 37.0 10.0 -24.0 210.0  
190 190 40.0 10.0 -28.0 240.0  
120 133 44.0 10.0 -31.0 300.0  
120 133 41.0 10.0 -25.0 330.0  
120 133 43.0 10.0 -29.0 30.0  
190 193 46.0 10.0 -31.0 30.0  
120 133 49.0 10.0 -31.0 60.0  
120 131 52.0 10.0 -31.0 120.0  
120 133 55.0 10.0 -31.0 150.0  
190 192 59.0 10.0 -34.0 30.0  
120 133 65.0 10.0 -34.0 60.0  
120 133 71.0 10.0 -34.0 120.0  
120 133 77.0 10.0 -34.0 150.0  
190 192 51.0 10.0 -42.0 30.0  
120 125 55.0 10.0 -42.0 60.0  
120 125 59.0 10.0 -42.0 120.0  
120 133 63.0 10.0 -42.0 150.0  
120 131 67.0 10.0 -42.0 210.0  
120 133 71.0 10.0 -42.0 240.0  
120 133 75.0 10.0 -42.0 300.0  
120 133 79.0 10.0 -42.0 330.0  
120 125 83.0 10.0 -42.0 30.0  
120 131 87.0 10.0 -42.0 60.0  
120 131 51.0 10.0 -48.0 120.0  
190 191 55.0 10.0 -48.0 150.0  
120 131 59.0 10.0 -48.0 210.0  
120 131 63.0 10.0 -48.0 240.0  
120 133 67.0 10.0 -48.0 300.0  
120 133 71.0 10.0 -48.0 330.0  
120 133 75.0 10.0 -48.0 30.0  
120 133 79.0 10.0 -48.0 60.0  
120 125 83.0 10.0 -48.0 120.0  
120 125 87.0 10.0 -48.0 150.0  
120 133 51.0 10.0 -54.0 210.0  
120 131 55.0 10.0 -54.0 240.0  
190 190 59.0 10.0 -54.0 300.0  
120 131 63.0 10.0 -54.0 330.0  
120 133 67.0 10.0 -54.0 30.0  
120 133 71.0 10.0 -54.0 60.0  
120 133 75.0 10.0 -54.0 120.0  
120 133 79.0 10.0 -54.0 150.0  
120 133 83.0 10.0 -54.0 210.0  
120 125 87.0 10.0 -54.0 240.0  
220 224 69.0 10.0 -44.0 0.0  
190 190 52.0 10.0 58.0 30.0  
120 131 56.0 10.0 58.0 60.0  
120 133 60.0 10.0 58.0 120.0  
120 131 52.0 10.0 52.0 150.0  
190 191 56.0 10.0 52.0 210.0  
120 125 60.0 10.0 52.0 240.0  
120 131 52.0 10.0 46.0 300.0  
120 131 56.0 10.0 46.0 330.0  
190 192 60.0 10.0 46.0 30.0  
190 191 65.0 10.0 68.0 30.0  
120 133 69.0 10.0 68.0 60.0  
120 125 73.0 10.0 68.0 120.0  
120 131 65.0 10.0 62.0 150.0  
190 191 69.0 10.0 62.0 210.0  
120 131 73.0 10.0 62.0 240.0  
120 133 65.0 10.0 56.0 300.0  
120 125 69.0 10.0 56.0 330.0  
190 190 73.0 10.0 56.0 30.0  
190 191 78.0 10.0 58.0 30.0  
120 133 82.0 10.0 58.0 60.0  
120 133 86.0 10.0 58.0 120.0  
120 125 78.0 10.0 52.0 150.0  
190 193 82.0 10.0 52.0 210.0  
120 133 86.0 10.0 52.0 240.0  
120 133 78.0 10.0 46.0 300.0  
120 133 82.0 10.0 46.0 330.0  
190 193 86.0 10.0 46.0 30.0  
190 192 65.0 10.0 44.0 30.0  
120 131 69.0 10.0 44.0 60.0  
120 133 73.0 10.0 44.0 120.0  
120 125 65.0 10.0 38.0 150.0  
190 192 69.0 10.0 38.0 210.0  
120 131 73.0 10.0 38.0 240.0  
120 131 65.0 10.0 32.0 300.0  
120 133 69.0 10.0 32.0 330.0  
190 190 73.0 10.0 32.0 30.0  
190 192 98.0 10.0 33.0 30.0  
120 125 102.0 10.0 33.0 60.0  
120 131 106.0 10.0 33.0 120.0  
120 131 110.0 10.0 33.0 150.0  
120 131 98.0 10.0 27.0 210.0  
190 190 102.0 10.0 27.0 240.0  
120 125 106.0 10.0 27.0 300.0  
120 133 110.0 10.0 27.0 330.0  
190 192 87.0 10.0 31.0 30.0  
120 131 91.0 10.0 28.0 60.0  
120 133 104.0 10.0 20.0 120.0  
120 125 107.0 10.0 11.0 150.0  
190 193 84.0 10.0 34.0 210.0  
120 133 88.0 10.0 34.0 240.0  
120 131 90.0 10.0 31.0 300.0  
120 133 108.0 10.0 14.0 330.0  
190 191 111.0 10.0 10.0 30.0  
190 190 114.0 10.0 7.0 30.0  
120 125 118.0 10.0 7.0 60.0  
120 125 122.0 10.0 7.0 120.0  
120 131 126.0 10.0 7.0 150.0  
120 133 130.0 10.0 7.0 210.0  
120 133 134.0 10.0 7.0 240.0  
120 131 114.0 10.0 1.0 300.0  
190 192 118.0 10.0 1.0 330.0  
120 133 122.0 10.0 1.0 30.0  
120 125 126.0 10.0 1.0 60.0  
120 125 130.0 10.0 1.0 120.0  
120 133 134.0 10.0 1.0 150.0  
120 131 114.0 10.0 -5.0 210.0  
120 131 118.0 10.0 -5.0 240.0  
190 192 122.0 10.0 -5.0 300.0  
120 125 126.0 10.0 -5.0 330.0  
120 133 130.0 10.0 -5.0 30.0  
120 133 134.0 10.0 -5.0 60.0  
120 144 132.0 10.0 -8.0 120.0  
190 192 125.0 10.0 12.0 45.0  
190 193 125.0 10.0 14.0 45.0  
