
NUMPOLLIES 19

v 88.750000 0.000000 42.500000
v 71.250000 0.000000 42.500000
v 100.000000 0.000000 13.750003
v 100.000000 0.000000 20.000002
v 100.000000 0.000000 25.000002
v 100.000000 0.000000 31.250004
v 88.750000 0.000000 2.500002
v 71.250000 0.000000 2.499998
v 60.000000 0.000000 31.249996
v 60.000000 0.000000 24.999996
v 60.000000 0.000000 19.999996
v 60.000004 0.000000 13.749997
v 86.250000 0.000000 7.500001
v 73.750000 0.000000 7.499999
v 95.000000 0.000000 16.250002
v 65.000000 0.000000 16.249996
v 95.000000 0.000000 28.750002
v 65.000000 0.000000 28.749998
v 86.250000 0.000000 37.500000
v 73.750000 0.000000 37.500000
f 11 12 1
f 9 10 1
f 3 4 1
f 5 6 1
f 7 3 1
f 6 1 1
f 2 9 1
f 20 19 1
f 17 15 1
f 16 18 1
f 18 20 1
f 19 17 1
f 1 2 1
f 15 13 1
f 14 16 1
f 13 14 1
f 12 8 1
f 8 7 1
f 4 5 4