7 1 -80.000 -70.000 -80.000 -50.000
7 2 -80.000 -20.000 -110.000 -10.000
7 3 -130.000 30.000 -110.000 40.000
7 4 -80.000 40.000 -50.000 40.000
7 5 0.000 40.000 20.000 30.000
7 6 55.000 40.000 70.000 10.000
7 7 20.000 -20.000 -10.000 -30.000
7 8 -10.000 -70.000 10.000 -70.000
7 9 50.000 -70.000 70.000 -70.000
90 7 13.000 -10.000 -13.000 0.000
100 100 -78.125 0.000 -76.875 180.000
200 1 -78.125 0.000 -76.875 0.000
201 9 59.375 10.000 -54.375 0.000
203 9 60.625 10.000 -86.875 0.000
202 8 16.750 10.000 -86.875 0.000
203 7 34.875 20.000 -20.625 0.000
202 6 67.125 10.000 -21.875 0.000
203 5 -5.375 10.000 38.125 0.000
202 4 -41.625 10.000 38.125 0.000
204 2 -127.475 0.000 15.000 0.000
204 7 -22.625 20.000 -41.250 0.000
300 300 0.000 0.000 0.000 0.000
300 301 0.000 0.000 0.000 0.000
300 302 0.000 0.000 0.000 0.000
300 303 0.000 0.000 0.000 0.000
300 304 0.000 0.000 0.000 0.000
300 305 0.000 0.000 0.000 0.000
190 191 -92.0 0.0 -63.0 30.0
120 129 -86.0 0.0 -63.0 60.0
120 127 -80.0 0.0 -63.0 120.0
120 120 -74.0 0.0 -63.0 150.0
120 120 -68.0 0.0 -63.0 210.0
120 131 -92.0 0.0 -69.0 240.0
190 191 -86.0 0.0 -69.0 300.0
120 127 -80.0 0.0 -69.0 330.0
120 129 -74.0 0.0 -69.0 30.0
120 131 -68.0 0.0 -69.0 60.0
190 193 -88.0 0.0 -52.0 30.0
120 120 -82.0 0.0 -52.0 60.0
120 120 -76.0 0.0 -52.0 120.0
120 120 -88.0 0.0 -56.0 150.0
190 190 -82.0 0.0 -56.0 210.0
120 131 -76.0 0.0 -56.0 240.0
220 222 -86.0 0.0 -54.0 0.0
190 190 -81.0 0.0 -15.0 30.0
120 120 -81.0 0.0 -18.0 60.0
120 120 -81.0 0.0 -21.0 120.0
120 120 -81.0 0.0 -24.0 150.0
120 127 -81.0 0.0 -27.0 210.0
120 131 -81.0 0.0 -30.0 240.0
120 129 -81.0 0.0 -33.0 300.0
120 131 -81.0 0.0 -36.0 330.0
120 129 -81.0 0.0 -39.0 30.0
120 120 -81.0 0.0 -42.0 60.0
120 127 -81.0 0.0 -45.0 120.0
120 129 -81.0 0.0 -48.0 150.0
190 192 -85.0 0.0 -1.0 30.0
120 129 -81.0 0.0 -1.0 60.0
120 120 -77.0 0.0 -1.0 120.0
120 131 -85.0 0.0 -7.0 150.0
190 191 -81.0 0.0 -7.0 210.0
120 127 -77.0 0.0 -7.0 240.0
190 191 -115.0 0.0 -1.0 30.0
120 120 -111.0 0.0 -1.0 60.0
120 120 -107.0 0.0 -1.0 120.0
120 127 -103.0 0.0 -1.0 150.0
120 127 -115.0 0.0 -7.0 210.0
190 193 -111.0 0.0 -7.0 240.0
120 120 -107.0 0.0 -7.0 300.0
120 131 -103.0 0.0 -7.0 330.0
101 102 -95.0 0.0 -5.0 0.0
190 193 -128.0 0.0 7.0 30.0
120 127 -124.0 0.0 7.0 60.0
120 120 -120.0 0.0 7.0 120.0
120 129 -128.0 0.0 1.0 150.0
190 191 -124.0 0.0 1.0 210.0
120 131 -120.0 0.0 1.0 240.0
120 120 -128.0 0.0 -5.0 300.0
120 131 -124.0 0.0 -5.0 330.0
190 192 -120.0 0.0 -5.0 30.0
120 127 -128.0 0.0 -11.0 60.0
120 120 -124.0 0.0 -11.0 120.0
120 127 -120.0 0.0 -11.0 150.0
120 120 -128.0 0.0 -17.0 210.0
120 120 -124.0 0.0 -17.0 240.0
120 131 -120.0 0.0 -17.0 300.0
220 221 -116.0 0.0 2.0 0.0
190 191 -135.0 10.0 51.0 30.0
120 127 -131.0 10.0 51.0 60.0
120 129 -127.0 10.0 51.0 120.0
120 129 -123.0 10.0 51.0 150.0
120 120 -119.0 10.0 51.0 210.0
120 120 -115.0 10.0 51.0 240.0
120 131 -111.0 10.0 51.0 300.0
120 131 -107.0 10.0 51.0 330.0
120 120 -135.0 10.0 45.0 30.0
190 193 -131.0 10.0 45.0 60.0
120 127 -127.0 10.0 45.0 120.0
120 127 -123.0 10.0 45.0 150.0
120 127 -119.0 10.0 45.0 210.0
120 131 -115.0 10.0 45.0 240.0
120 120 -111.0 10.0 45.0 300.0
120 120 -107.0 10.0 45.0 330.0
120 131 -135.0 10.0 39.0 30.0
120 129 -131.0 10.0 39.0 60.0
190 190 -127.0 10.0 39.0 120.0
120 131 -123.0 10.0 39.0 150.0
120 120 -119.0 10.0 39.0 210.0
120 127 -115.0 10.0 39.0 240.0
120 131 -111.0 10.0 39.0 300.0
120 129 -107.0 10.0 39.0 330.0
120 127 -135.0 10.0 33.0 30.0
120 131 -131.0 10.0 33.0 60.0
120 129 -127.0 10.0 33.0 120.0
190 193 -123.0 10.0 33.0 150.0
120 131 -119.0 10.0 33.0 210.0
120 129 -115.0 10.0 33.0 240.0
120 129 -111.0 10.0 33.0 300.0
120 120 -107.0 10.0 33.0 330.0
120 127 -135.0 10.0 27.0 30.0
120 129 -131.0 10.0 27.0 60.0
120 127 -127.0 10.0 27.0 120.0
120 127 -123.0 10.0 27.0 150.0
190 190 -119.0 10.0 27.0 210.0
120 120 -115.0 10.0 27.0 240.0
120 127 -111.0 10.0 27.0 300.0
120 131 -107.0 10.0 27.0 330.0
220 222 -109.0 10.0 29.0 0.0
220 224 -121.0 10.0 54.0 0.0
190 191 -105.0 10.0 39.0 30.0
120 127 -101.0 10.0 39.0 60.0
120 129 -97.0 10.0 39.0 120.0
120 120 -93.0 10.0 39.0 150.0
120 129 -89.0 10.0 39.0 210.0
120 131 -85.0 10.0 39.0 240.0
120 131 -105.0 10.0 36.0 300.0
190 191 -101.0 10.0 36.0 330.0
120 127 -97.0 10.0 36.0 30.0
120 120 -93.0 10.0 36.0 60.0
120 131 -89.0 10.0 36.0 120.0
120 127 -85.0 10.0 36.0 150.0
190 193 -77.0 10.0 52.0 30.0
120 127 -73.0 10.0 52.0 60.0
120 129 -69.0 10.0 52.0 120.0
120 129 -77.0 10.0 46.0 150.0
190 193 -73.0 10.0 46.0 210.0
120 131 -69.0 10.0 46.0 240.0
120 120 -77.0 10.0 40.0 300.0
120 129 -73.0 10.0 40.0 330.0
190 191 -69.0 10.0 40.0 30.0
120 131 -77.0 10.0 34.0 60.0
120 127 -73.0 10.0 34.0 120.0
120 129 -69.0 10.0 34.0 150.0
120 129 -77.0 10.0 28.0 210.0
120 120 -73.0 10.0 28.0 240.0
120 129 -69.0 10.0 28.0 300.0
120 127 -77.0 10.0 22.0 330.0
120 129 -73.0 10.0 22.0 30.0
120 120 -69.0 10.0 22.0 60.0
101 103 -70.0 10.0 40.0 0.0
190 191 -64.0 10.0 44.0 30.0
120 129 -60.0 10.0 44.0 60.0
120 129 -56.0 10.0 44.0 120.0
120 131 -52.0 10.0 44.0 150.0
120 129 -64.0 10.0 38.0 210.0
190 193 -60.0 10.0 38.0 240.0
120 131 -56.0 10.0 38.0 300.0
120 129 -52.0 10.0 38.0 330.0
190 190 4.0 10.0 45.0 30.0
120 131 8.0 10.0 45.0 60.0
120 131 12.0 10.0 45.0 120.0
120 127 16.0 10.0 45.0 150.0
120 129 4.0 10.0 39.0 210.0
190 191 8.0 10.0 39.0 240.0
120 127 12.0 10.0 39.0 300.0
120 127 16.0 10.0 39.0 330.0
120 129 4.0 10.0 33.0 30.0
120 129 8.0 10.0 33.0 60.0
190 191 12.0 10.0 33.0 120.0
120 131 16.0 10.0 33.0 150.0
220 222 17.0 10.0 39.0 0.0
190 190 18.0 10.0 51.0 30.0
120 131 22.0 10.0 51.0 60.0
120 127 26.0 10.0 51.0 120.0
120 129 30.0 10.0 51.0 150.0
120 120 18.0 10.0 45.0 210.0
190 191 22.0 10.0 45.0 240.0
120 127 26.0 10.0 45.0 300.0
120 120 30.0 10.0 45.0 330.0
120 127 18.0 10.0 39.0 30.0
120 127 22.0 10.0 39.0 60.0
190 190 26.0 10.0 39.0 120.0
120 131 30.0 10.0 39.0 150.0
120 120 18.0 10.0 33.0 210.0
120 127 22.0 10.0 33.0 240.0
120 127 26.0 10.0 33.0 300.0
190 190 30.0 10.0 33.0 330.0
120 120 18.0 10.0 27.0 30.0
120 129 22.0 10.0 27.0 60.0
120 120 26.0 10.0 27.0 120.0
120 127 30.0 10.0 27.0 150.0
190 191 32.0 10.0 38.0 30.0
120 120 35.0 10.0 38.0 60.0
120 129 38.0 10.0 38.0 120.0
120 131 41.0 10.0 38.0 150.0
120 120 44.0 10.0 38.0 210.0
120 127 47.0 10.0 38.0 240.0
120 131 50.0 10.0 38.0 300.0
120 131 53.0 10.0 38.0 330.0
120 120 56.0 10.0 38.0 30.0
120 131 59.0 10.0 38.0 60.0
120 120 62.0 10.0 38.0 120.0
120 129 65.0 10.0 38.0 150.0
120 131 68.0 10.0 38.0 210.0
190 193 47.0 10.0 44.0 30.0
120 120 49.0 10.0 44.0 60.0
120 129 51.0 10.0 44.0 120.0
120 120 53.0 10.0 44.0 150.0
120 120 55.0 10.0 44.0 210.0
190 190 68.0 10.0 34.0 30.0
120 131 68.0 10.0 32.0 60.0
120 120 68.0 10.0 30.0 120.0
120 120 68.0 10.0 28.0 150.0
120 129 68.0 10.0 26.0 210.0
120 131 68.0 10.0 24.0 240.0
190 193 64.0 10.0 21.0 30.0
120 120 68.0 10.0 21.0 60.0
120 120 72.0 10.0 21.0 120.0
120 129 64.0 10.0 15.0 150.0
190 192 68.0 10.0 15.0 210.0
120 127 72.0 10.0 15.0 240.0
101 104 70.0 10.0 10.0 0.0
190 193 68.0 10.0 8.0 30.0
120 120 68.0 10.0 6.0 60.0
120 131 68.0 10.0 4.0 120.0
120 129 68.0 10.0 2.0 150.0
120 127 68.0 10.0 0.0 210.0
120 120 68.0 10.0 -2.0 240.0
120 120 68.0 10.0 -4.0 300.0
120 120 68.0 10.0 -6.0 330.0
120 129 68.0 10.0 -8.0 30.0
190 191 62.0 10.0 -11.0 30.0
120 129 68.0 10.0 -11.0 60.0
120 120 62.0 10.0 -17.0 120.0
190 192 68.0 10.0 -17.0 150.0
190 191 22.0 20.0 -11.0 30.0
120 127 26.0 20.0 -11.0 60.0
120 120 30.0 20.0 -11.0 120.0
120 131 22.0 20.0 -17.0 150.0
190 193 26.0 20.0 -17.0 210.0
120 120 30.0 20.0 -17.0 240.0
120 120 22.0 20.0 -23.0 300.0
120 129 26.0 20.0 -23.0 330.0
190 192 30.0 20.0 -23.0 30.0
120 131 22.0 20.0 -29.0 60.0
120 131 26.0 20.0 -29.0 120.0
120 131 30.0 20.0 -29.0 150.0
220 223 21.0 20.0 -21.0 0.0
190 191 17.0 20.0 -1.0 30.0
120 131 17.0 20.0 -3.0 60.0
120 131 17.0 20.0 -5.0 120.0
120 120 17.0 20.0 -7.0 150.0
120 131 17.0 20.0 -9.0 210.0
120 127 17.0 20.0 -11.0 240.0
120 127 17.0 20.0 -13.0 300.0
120 120 17.0 20.0 -15.0 330.0
120 131 17.0 20.0 -17.0 30.0
120 129 17.0 20.0 -19.0 60.0
120 127 17.0 20.0 -21.0 120.0
120 129 17.0 20.0 -23.0 150.0
120 120 17.0 20.0 -25.0 210.0
120 120 17.0 20.0 -27.0 240.0
120 127 17.0 20.0 -29.0 300.0
120 127 17.0 20.0 -31.0 330.0
120 129 17.0 20.0 -33.0 30.0
120 129 17.0 20.0 -35.0 60.0
120 127 17.0 20.0 -37.0 120.0
120 120 17.0 20.0 -39.0 150.0
190 193 7.0 20.0 -19.0 30.0
120 120 10.0 20.0 -19.0 60.0
190 193 -14.0 20.0 -29.0 30.0
120 120 -11.0 20.0 -29.0 60.0
120 129 -8.0 20.0 -29.0 120.0
190 193 -22.0 20.0 -37.0 300.0
120 120 -17.0 20.0 -32.0 30.0
120 131 -4.0 20.0 -29.0 60.0
120 120 0.0 20.0 -25.0 150.0
190 191 3.0 20.0 -23.0 210.0
190 192 -10.0 10.0 -64.0 30.0
120 131 -6.0 10.0 -64.0 60.0
120 129 -2.0 10.0 -64.0 120.0
120 120 -10.0 10.0 -70.0 150.0
190 192 -6.0 10.0 -70.0 210.0
120 129 -2.0 10.0 -70.0 240.0
120 129 -10.0 10.0 -76.0 300.0
120 127 -6.0 10.0 -76.0 330.0
190 192 -2.0 10.0 -76.0 30.0
220 224 1.0 10.0 -70.0 90.0
190 191 3.0 10.0 -58.0 30.0
120 129 7.0 10.0 -58.0 60.0
120 129 11.0 10.0 -58.0 120.0
120 131 15.0 10.0 -58.0 150.0
120 127 3.0 10.0 -64.0 210.0
190 190 7.0 10.0 -64.0 240.0
120 127 11.0 10.0 -64.0 300.0
120 120 15.0 10.0 -64.0 330.0
120 120 3.0 10.0 -70.0 30.0
120 120 7.0 10.0 -70.0 60.0
190 190 11.0 10.0 -70.0 120.0
120 129 15.0 10.0 -70.0 150.0
120 127 3.0 10.0 -76.0 210.0
120 131 7.0 10.0 -76.0 240.0
120 120 11.0 10.0 -76.0 300.0
190 193 15.0 10.0 -76.0 330.0
120 127 3.0 10.0 -82.0 30.0
120 129 7.0 10.0 -82.0 60.0
120 131 11.0 10.0 -82.0 120.0
120 120 15.0 10.0 -82.0 150.0
190 191 51.0 10.0 -58.0 30.0
120 120 55.0 10.0 -58.0 60.0
120 120 59.0 10.0 -58.0 120.0
120 129 63.0 10.0 -58.0 150.0
120 120 51.0 10.0 -64.0 210.0
190 192 55.0 10.0 -64.0 240.0
120 127 59.0 10.0 -64.0 300.0
120 131 63.0 10.0 -64.0 330.0
120 129 51.0 10.0 -70.0 30.0
120 129 55.0 10.0 -70.0 60.0
190 190 59.0 10.0 -70.0 120.0
120 127 63.0 10.0 -70.0 150.0
120 129 51.0 10.0 -76.0 210.0
120 131 55.0 10.0 -76.0 240.0
120 129 59.0 10.0 -76.0 300.0
190 191 63.0 10.0 -76.0 330.0
120 142 61.0 10.0 -58.0 0.0
190 190 56.0 10.0 -82.0 315.0
190 193 64.0 10.0 -82.0 45.0
