
NUMPOLLIES 16

v 20.000000 10.000000 -1.249997
v 20.000000 10.000000 1.250003
v 1.250002 10.000000 -20.000000
v -1.249998 10.000000 -20.000000
v -19.999998 10.000000 1.249997
v -19.999996 10.000000 -1.250003
v 8.749999 10.000000 -12.499998
v 12.286000 10.000000 -8.964000
v 6.249999 10.000000 -4.999999
v -6.250000 10.000000 -5.000001
v 6.249998 10.000000 5.000001
v -6.250001 10.000000 4.999999
v 2.499997 10.000000 18.750000
v -2.500003 10.000000 18.750000
v 2.499997 10.000000 20.000000
v -2.500003 10.000000 20.000000
f 13 15 1
f 16 14 1
f 3 7 1
f 8 1 1
f 4 3 1
f 1 2 1
f 5 6 1
f 12 11 1
f 9 10 1
f 10 12 1
f 11 9 1
f 2 13 1
f 6 4 1
f 14 5 1
f 15 16 4
f 7 8 4