6 1 -60.000 -50.000 -60.000 0.000
6 2 -50.000 50.000 30.000 50.000
6 3 0.000 20.000 40.000 20.000
6 4 -20.000 -50.000 -20.000 -20.000
6 5 30.000 -20.000 50.000 -20.000
6 6 20.000 -70.000 20.000 -50.000
6 7 50.000 -50.000 70.000 -70.000
90 6 13.000 -10.000 -13.000 0.000
100 100 -44.375 0.000 -75.625 135.000
200 1 -44.375 0.000 -75.625 0.000
201 7 76.875 30.000 -75.625 0.000
204 2 75.000 0.000 42.500 0.000
204 4 -2.500 10.000 -37.500 0.000
204 6 37.500 20.000 -75.000 0.000
300 300 0.000 0.000 0.000 0.000
300 301 0.000 0.000 0.000 0.000
300 302 0.000 0.000 0.000 0.000
300 303 0.000 0.000 0.000 0.000
300 304 0.000 0.000 0.000 0.000
300 305 0.000 0.000 0.000 0.000
190 193 -78.0 0.0 77.0 30.0
120 120 -72.0 0.0 77.0 60.0
120 126 -66.0 0.0 77.0 120.0
120 137 -60.0 0.0 77.0 150.0
120 137 -54.0 0.0 77.0 210.0
120 120 -48.0 0.0 77.0 240.0
120 124 -42.0 0.0 77.0 300.0
120 126 -78.0 0.0 64.0 330.0
190 192 -72.0 0.0 64.0 30.0
120 126 -66.0 0.0 64.0 60.0
120 137 -60.0 0.0 64.0 120.0
120 124 -54.0 0.0 64.0 150.0
120 124 -48.0 0.0 64.0 210.0
120 120 -42.0 0.0 64.0 240.0
120 120 -78.0 0.0 51.0 300.0
120 126 -72.0 0.0 51.0 330.0
190 192 -66.0 0.0 51.0 30.0
120 124 -60.0 0.0 51.0 60.0
120 120 -54.0 0.0 51.0 120.0
120 137 -48.0 0.0 51.0 150.0
120 124 -42.0 0.0 51.0 210.0
120 137 -78.0 0.0 38.0 240.0
120 126 -72.0 0.0 38.0 300.0
120 124 -66.0 0.0 38.0 330.0
190 190 -60.0 0.0 38.0 30.0
120 124 -54.0 0.0 38.0 60.0
120 124 -48.0 0.0 38.0 120.0
120 137 -42.0 0.0 38.0 150.0
120 137 -78.0 0.0 25.0 210.0
120 120 -72.0 0.0 25.0 240.0
120 120 -66.0 0.0 25.0 300.0
120 124 -60.0 0.0 25.0 330.0
190 193 -54.0 0.0 25.0 30.0
120 137 -48.0 0.0 25.0 60.0
120 137 -42.0 0.0 25.0 120.0
120 126 -78.0 0.0 12.0 150.0
120 126 -72.0 0.0 12.0 210.0
120 124 -66.0 0.0 12.0 240.0
120 126 -60.0 0.0 12.0 300.0
120 126 -54.0 0.0 12.0 330.0
190 191 -48.0 0.0 12.0 30.0
120 120 -42.0 0.0 12.0 60.0
120 137 -78.0 0.0 -1.0 120.0
120 120 -72.0 0.0 -1.0 150.0
120 124 -66.0 0.0 -1.0 210.0
120 137 -60.0 0.0 -1.0 240.0
120 137 -54.0 0.0 -1.0 300.0
120 126 -48.0 0.0 -1.0 330.0
190 193 -42.0 0.0 -1.0 30.0
120 126 -78.0 0.0 -14.0 60.0
120 120 -72.0 0.0 -14.0 120.0
120 120 -66.0 0.0 -14.0 150.0
120 137 -60.0 0.0 -14.0 210.0
120 124 -54.0 0.0 -14.0 240.0
120 120 -48.0 0.0 -14.0 300.0
120 137 -42.0 0.0 -14.0 330.0
120 126 -78.0 0.0 -27.0 30.0
120 120 -72.0 0.0 -27.0 60.0
120 120 -66.0 0.0 -27.0 120.0
120 124 -60.0 0.0 -27.0 150.0
120 137 -54.0 0.0 -27.0 210.0
120 120 -48.0 0.0 -27.0 240.0
120 120 -42.0 0.0 -27.0 300.0
120 124 -78.0 0.0 -40.0 330.0
120 137 -72.0 0.0 -40.0 30.0
120 126 -66.0 0.0 -40.0 60.0
120 124 -60.0 0.0 -40.0 120.0
120 137 -54.0 0.0 -40.0 150.0
120 120 -48.0 0.0 -40.0 210.0
120 137 -42.0 0.0 -40.0 240.0
120 120 -78.0 0.0 -53.0 300.0
120 137 -72.0 0.0 -53.0 330.0
120 137 -66.0 0.0 -53.0 30.0
120 126 -60.0 0.0 -53.0 60.0
120 126 -54.0 0.0 -53.0 120.0
120 124 -48.0 0.0 -53.0 150.0
120 137 -42.0 0.0 -53.0 210.0
101 105 -50.0 0.0 -40.0 0.0
220 220 -56.0 0.0 -24.0 0.0
220 220 -64.0 0.0 0.0 90.0
220 221 -52.0 0.0 -62.0 90.0
190 193 -39.0 0.0 77.0 30.0
120 126 -27.0 0.0 77.0 60.0
120 137 -15.0 0.0 77.0 120.0
120 126 -3.0 0.0 77.0 150.0
120 126 9.0 0.0 77.0 210.0
120 120 21.0 0.0 77.0 240.0
120 124 33.0 0.0 77.0 300.0
120 137 45.0 0.0 77.0 330.0
120 124 57.0 0.0 77.0 30.0
120 120 -39.0 0.0 70.0 60.0
190 192 -27.0 0.0 70.0 120.0
120 126 -15.0 0.0 70.0 150.0
120 124 -3.0 0.0 70.0 210.0
120 120 9.0 0.0 70.0 240.0
120 120 21.0 0.0 70.0 300.0
120 124 33.0 0.0 70.0 330.0
120 137 45.0 0.0 70.0 30.0
120 120 57.0 0.0 70.0 60.0
120 137 -39.0 0.0 63.0 120.0
120 126 -27.0 0.0 63.0 150.0
190 191 -15.0 0.0 63.0 210.0
120 126 -3.0 0.0 63.0 240.0
120 124 9.0 0.0 63.0 300.0
120 137 21.0 0.0 63.0 330.0
120 126 33.0 0.0 63.0 30.0
120 126 45.0 0.0 63.0 60.0
120 124 57.0 0.0 63.0 120.0
120 137 -39.0 0.0 56.0 150.0
120 120 -27.0 0.0 56.0 210.0
120 137 -15.0 0.0 56.0 240.0
190 193 -3.0 0.0 56.0 300.0
120 124 9.0 0.0 56.0 330.0
120 120 21.0 0.0 56.0 30.0
120 120 33.0 0.0 56.0 60.0
120 124 45.0 0.0 56.0 120.0
120 137 57.0 0.0 56.0 150.0
120 124 -39.0 0.0 49.0 210.0
120 124 -27.0 0.0 49.0 240.0
120 126 -15.0 0.0 49.0 300.0
120 137 -3.0 0.0 49.0 330.0
190 190 9.0 0.0 49.0 30.0
120 120 21.0 0.0 49.0 60.0
120 124 33.0 0.0 49.0 120.0
120 124 45.0 0.0 49.0 150.0
120 137 57.0 0.0 49.0 210.0
120 137 -39.0 0.0 42.0 240.0
120 126 -27.0 0.0 42.0 300.0
120 124 -15.0 0.0 42.0 330.0
120 120 -3.0 0.0 42.0 30.0
120 120 9.0 0.0 42.0 60.0
190 193 21.0 0.0 42.0 120.0
120 126 33.0 0.0 42.0 150.0
120 120 45.0 0.0 42.0 210.0
120 120 57.0 0.0 42.0 240.0
220 221 -10.0 0.0 55.0 0.0
220 220 20.0 0.0 63.0 90.0
190 192 -37.0 10.0 37.0 30.0
120 137 -25.0 10.0 37.0 60.0
120 126 -13.0 10.0 37.0 120.0
120 120 -1.0 10.0 37.0 150.0
120 120 11.0 10.0 37.0 210.0
120 120 23.0 10.0 37.0 240.0
120 137 35.0 10.0 37.0 300.0
120 126 47.0 10.0 37.0 330.0
120 120 59.0 10.0 37.0 30.0
120 137 71.0 10.0 37.0 60.0
120 137 -37.0 10.0 30.0 120.0
190 192 -25.0 10.0 30.0 150.0
120 137 -13.0 10.0 30.0 210.0
120 137 -1.0 10.0 30.0 240.0
120 137 11.0 10.0 30.0 300.0
120 126 23.0 10.0 30.0 330.0
120 137 35.0 10.0 30.0 30.0
120 120 47.0 10.0 30.0 60.0
120 126 59.0 10.0 30.0 120.0
120 137 71.0 10.0 30.0 150.0
120 137 -37.0 10.0 23.0 210.0
120 137 -25.0 10.0 23.0 240.0
190 190 -13.0 10.0 23.0 300.0
120 120 -1.0 10.0 23.0 330.0
120 126 11.0 10.0 23.0 30.0
120 124 23.0 10.0 23.0 60.0
120 137 35.0 10.0 23.0 120.0
120 120 47.0 10.0 23.0 150.0
120 124 59.0 10.0 23.0 210.0
120 137 71.0 10.0 23.0 240.0
120 126 -37.0 10.0 16.0 300.0
120 126 -25.0 10.0 16.0 330.0
120 137 -13.0 10.0 16.0 30.0
190 191 -1.0 10.0 16.0 60.0
120 126 11.0 10.0 16.0 120.0
120 126 23.0 10.0 16.0 150.0
120 120 35.0 10.0 16.0 210.0
120 137 47.0 10.0 16.0 240.0
120 137 59.0 10.0 16.0 300.0
120 120 71.0 10.0 16.0 330.0
120 120 -37.0 10.0 9.0 30.0
120 126 -25.0 10.0 9.0 60.0
120 126 -13.0 10.0 9.0 120.0
120 124 -1.0 10.0 9.0 150.0
190 193 11.0 10.0 9.0 210.0
120 137 23.0 10.0 9.0 240.0
120 137 35.0 10.0 9.0 300.0
120 120 47.0 10.0 9.0 330.0
120 137 59.0 10.0 9.0 30.0
120 126 71.0 10.0 9.0 60.0
101 104 60.0 10.0 30.0 0.0
220 224 39.0 10.0 35.0 0.0
220 222 -5.0 10.0 5.0 0.0
220 223 -16.0 10.0 27.0 0.0
190 193 -37.0 10.0 -3.0 30.0
120 124 -28.0 10.0 -3.0 60.0
120 126 -19.0 10.0 -3.0 120.0
120 120 -10.0 10.0 -3.0 150.0
120 124 -37.0 10.0 -12.0 210.0
190 190 -28.0 10.0 -12.0 240.0
120 137 -19.0 10.0 -12.0 300.0
120 120 -10.0 10.0 -12.0 330.0
120 126 -37.0 10.0 -21.0 30.0
120 124 -28.0 10.0 -21.0 60.0
190 190 -19.0 10.0 -21.0 120.0
120 137 -10.0 10.0 -21.0 150.0
101 103 -15.0 10.0 -25.0 0.0
190 192 -37.0 10.0 -42.0 30.0
120 124 -31.0 10.0 -42.0 60.0
120 126 -25.0 10.0 -42.0 120.0
120 137 -19.0 10.0 -42.0 150.0
120 120 -13.0 10.0 -42.0 210.0
120 120 -7.0 10.0 -42.0 240.0
120 137 -37.0 10.0 -51.0 300.0
190 190 -31.0 10.0 -51.0 330.0
120 120 -25.0 10.0 -51.0 30.0
120 120 -19.0 10.0 -51.0 60.0
120 126 -13.0 10.0 -51.0 120.0
120 124 -7.0 10.0 -51.0 150.0
120 137 -37.0 10.0 -60.0 210.0
120 124 -31.0 10.0 -60.0 240.0
190 191 -25.0 10.0 -60.0 300.0
120 120 -19.0 10.0 -60.0 330.0
120 120 -13.0 10.0 -60.0 30.0
120 137 -7.0 10.0 -60.0 60.0
120 124 -37.0 10.0 -69.0 120.0
120 137 -31.0 10.0 -69.0 150.0
120 120 -25.0 10.0 -69.0 210.0
190 192 -19.0 10.0 -69.0 240.0
120 124 -13.0 10.0 -69.0 300.0
120 124 -7.0 10.0 -69.0 330.0
220 222 -11.0 10.0 -62.0 0.0
190 191 4.0 20.0 -3.0 30.0
120 126 13.0 20.0 -3.0 60.0
120 126 22.0 20.0 -3.0 120.0
120 120 31.0 20.0 -3.0 150.0
120 137 40.0 20.0 -3.0 210.0
120 126 49.0 20.0 -3.0 240.0
120 137 58.0 20.0 -3.0 300.0
120 126 67.0 20.0 -3.0 330.0
120 126 4.0 20.0 -9.0 30.0
190 192 13.0 20.0 -9.0 60.0
120 137 22.0 20.0 -9.0 120.0
120 120 31.0 20.0 -9.0 150.0
120 126 40.0 20.0 -9.0 210.0
120 137 49.0 20.0 -9.0 240.0
120 137 58.0 20.0 -9.0 300.0
120 124 67.0 20.0 -9.0 330.0
120 124 4.0 20.0 -15.0 30.0
120 137 13.0 20.0 -15.0 60.0
190 193 22.0 20.0 -15.0 120.0
120 124 31.0 20.0 -15.0 150.0
120 126 40.0 20.0 -15.0 210.0
120 126 49.0 20.0 -15.0 240.0
120 137 58.0 20.0 -15.0 300.0
120 126 67.0 20.0 -15.0 330.0
120 137 4.0 20.0 -21.0 30.0
120 120 13.0 20.0 -21.0 60.0
120 124 22.0 20.0 -21.0 120.0
190 192 31.0 20.0 -21.0 150.0
120 137 40.0 20.0 -21.0 210.0
120 120 49.0 20.0 -21.0 240.0
120 126 58.0 20.0 -21.0 300.0
120 120 67.0 20.0 -21.0 330.0
120 120 4.0 20.0 -27.0 30.0
120 137 13.0 20.0 -27.0 60.0
120 124 22.0 20.0 -27.0 120.0
120 137 31.0 20.0 -27.0 150.0
190 193 40.0 20.0 -27.0 210.0
120 137 49.0 20.0 -27.0 240.0
120 120 58.0 20.0 -27.0 300.0
120 126 67.0 20.0 -27.0 330.0
120 137 4.0 20.0 -33.0 30.0
120 137 13.0 20.0 -33.0 60.0
120 120 22.0 20.0 -33.0 120.0
120 120 31.0 20.0 -33.0 150.0
120 126 40.0 20.0 -33.0 210.0
190 193 49.0 20.0 -33.0 240.0
120 137 58.0 20.0 -33.0 300.0
120 124 67.0 20.0 -33.0 330.0
220 220 32.0 20.0 -21.0 0.0
220 223 56.0 20.0 -9.0 0.0
190 191 3.0 20.0 -42.0 30.0
120 137 9.0 20.0 -42.0 60.0
120 126 15.0 20.0 -42.0 120.0
120 124 21.0 20.0 -42.0 150.0
120 120 27.0 20.0 -42.0 210.0
120 124 33.0 20.0 -42.0 240.0
120 124 3.0 20.0 -51.0 300.0
190 191 9.0 20.0 -51.0 330.0
120 137 15.0 20.0 -51.0 30.0
120 137 21.0 20.0 -51.0 60.0
120 126 27.0 20.0 -51.0 120.0
120 120 33.0 20.0 -51.0 150.0
120 137 3.0 20.0 -60.0 210.0
120 124 9.0 20.0 -60.0 240.0
190 190 15.0 20.0 -60.0 300.0
120 126 21.0 20.0 -60.0 330.0
120 120 27.0 20.0 -60.0 30.0
120 126 33.0 20.0 -60.0 60.0
120 137 3.0 20.0 -69.0 120.0
120 120 9.0 20.0 -69.0 150.0
120 124 15.0 20.0 -69.0 210.0
190 192 21.0 20.0 -69.0 240.0
120 126 27.0 20.0 -69.0 300.0
120 126 33.0 20.0 -69.0 330.0
220 225 38.0 20.0 -50.0 270.0
190 191 44.0 30.0 -42.0 30.0
120 124 53.0 30.0 -42.0 60.0
120 137 62.0 30.0 -42.0 120.0
120 126 44.0 30.0 -46.0 150.0
190 190 53.0 30.0 -46.0 210.0
120 126 62.0 30.0 -46.0 240.0
120 120 44.0 30.0 -50.0 300.0
120 126 53.0 30.0 -50.0 330.0
190 191 62.0 30.0 -50.0 30.0
120 137 44.0 30.0 -54.0 60.0
120 137 53.0 30.0 -54.0 120.0
120 137 62.0 30.0 -54.0 150.0
120 126 44.0 30.0 -58.0 210.0
120 126 53.0 30.0 -58.0 240.0
120 126 62.0 30.0 -58.0 300.0
120 120 44.0 30.0 -62.0 330.0
120 124 53.0 30.0 -62.0 30.0
120 126 62.0 30.0 -62.0 60.0
120 137 44.0 30.0 -66.0 120.0
120 124 53.0 30.0 -66.0 150.0
120 120 62.0 30.0 -66.0 210.0
120 120 44.0 30.0 -70.0 240.0
120 137 53.0 30.0 -70.0 300.0
120 124 62.0 30.0 -70.0 330.0
120 120 44.0 30.0 -74.0 30.0
120 120 53.0 30.0 -74.0 60.0
120 137 62.0 30.0 -74.0 120.0
120 140 74.0 30.0 -72.0 90.0
190 191 42.0 30.0 67.0 0.0
190 193 42.0 30.0 65.0 0.0
