
NUMPOLLIES 20

v -80.000000 10.000000 -109.500000
v -97.500000 10.000000 -109.500000
v -68.750008 10.000000 -138.250000
v -68.750008 10.000000 -120.749992
v -80.000000 10.000000 -149.500000
v -97.500000 10.000000 -149.500000
v -108.750000 10.000000 -120.750000
v -108.750000 10.000000 -138.250000
v -57.500008 10.000000 -109.500000
v -28.750000 10.000000 -138.250000
v -28.750000 10.000000 -120.749992
v -40.000004 10.000000 -149.500000
v -57.500000 10.000000 -149.500000
v -40.000008 10.000000 -69.500000
v -57.500008 10.000000 -69.500000
v -28.750000 10.000000 -98.250000
v -28.750000 10.000000 -80.750000
v -40.000004 10.000000 -109.500000
v -68.750008 10.000000 -80.750000
v -68.750000 10.000000 -98.250000
v -51.561000 10.000000 -149.500000
v -45.939000 10.000000 -149.500000
f 6 5 1
f 7 8 1
f 10 11 1
f 16 17 1
f 13 21 1
f 14 15 1
f 8 6 1
f 2 7 1
f 5 3 1
f 3 13 1
f 4 1 1
f 12 10 1
f 20 9 1
f 9 4 1
f 11 18 1
f 18 16 1
f 15 19 1
f 17 14 1
f 22 12 1
f 21 22 5
