
NUMPOLLIES 13

v -48.750000 0.000000 -20.000002
v -31.250000 0.000000 -60.000000
v -48.750000 0.000000 -60.000000
v -60.000000 0.000000 -31.250000
v -60.000000 0.000000 -48.750000
v -20.000000 0.000000 -48.750000
v -67.500000 0.000000 -50.000000
v -72.500000 0.000000 -50.000000
v -60.000000 0.000000 -42.500000
v -80.000000 0.000000 -42.500000
v -60.000000 0.000000 -37.500000
v -80.000000 0.000000 -37.500000
v -67.500000 0.000000 -30.000000
v -72.500000 0.000000 -30.000000
f 5 3 1
f 2 6 1
f 3 2 1
f 1 4 1
f 12 10 1
f 10 8 1
f 8 7 1
f 7 9 1
f 14 12 1
f 13 14 1
f 11 13 1
f 4 11 1
f 9 5 1
