
NUMPOLLIES 15

v 86.125641 10.000000 37.409897
v 82.590103 10.000000 33.874367
v 119.713203 10.000001 28.571072
v 105.571075 10.000000 42.713203
v 114.398773 10.000001 9.147918
v 110.874382 10.000001 5.613206
v 107.338844 10.000000 16.196701
v 93.196709 10.000000 30.338833
v 127.750000 9.999999 20.000000
v 125.250000 9.999999 20.000000
v 146.500000 9.999999 -1.249997
v 146.500000 9.999999 1.250003
v 127.750000 9.999999 -19.999998
v 125.250000 9.999999 -19.999998
v 106.500000 9.999999 1.249997
v 106.500000 9.999999 -1.250003
f 8 1 1
f 3 4 1
f 4 8 1
f 7 3 1
f 5 7 1
f 2 6 1
f 10 5 1
f 9 10 1
f 12 9 1
f 11 12 1
f 13 11
f 6 15 1
f 15 16 1
f 14 13 1
f 16 14 1
