
NUMPOLLIES 20

v 47.500000 0.000000 69.900002
v 43.750000 0.000000 69.900002
v 47.500000 0.000000 29.900002
v 47.500000 0.000000 66.150002
v 43.750000 0.000000 34.900005
v 3.750000 0.000000 29.899998
v 13.750000 0.000000 29.900000
v 18.750002 0.000000 24.900002
v 28.750002 0.000000 24.900003
v 33.750000 0.000000 29.900003
v 8.749996 0.000000 74.900002
v 8.750000 0.000000 34.900002
v 3.750000 0.000000 79.899994
v 27.499996 0.000000 79.900002
v 27.500000 0.000000 52.400002
v 22.500000 0.000000 52.400002
v 22.499998 0.000000 74.900002
v 28.750000 0.000000 52.400002
v 28.750000 0.000000 44.900002
v 21.250000 0.000000 52.400002
v 21.250002 0.000000 44.900002
f 18 15 1
f 16 20 1
f 19 18 1
f 20 21 1
f 21 19 1
f 17 16 1
f 15 14 1
f 14 13 1
f 11 17 1
f 13 6 1
f 12 11 1
f 5 12 1
f 2 5 1
f 1 2 1
f 3 4 1
f 6 7 1
f 7 8 1
f 9 10 1
f 8 9 1
f 10 3 1
