
NUMPOLLIES 19

v 15.499998 20.000000 -17.500000
v -24.499998 20.000000 -37.500000
v -25.125000 20.000000 -38.750000
v 5.499997 20.000000 -17.500000
v 5.499999 20.000000 -22.499998
v -4.500000 20.000000 -27.500000
v -4.499999 20.000000 -32.500000
v -14.499999 20.000000 -27.500000
v -14.499998 20.000000 -32.500000
v -20.125000 20.000000 -38.750000
v 20.499998 19.999998 0.000004
v 15.499998 19.999998 0.000002
v 38.000000 20.000000 -29.999996
v 38.000000 20.000000 -9.999994
v 20.500002 20.000002 -40.000000
v 15.500004 20.000002 -40.000000
v 20.500002 20.000000 -30.000000
v 15.500002 20.000000 -22.500000
v 20.500000 20.000000 -9.999998
f 2 3 1
f 9 7 1
f 7 5 1
f 6 8 1
f 4 6 1
f 1 4 1
f 8 2 1
f 10 9 1
f 13 14 1
f 17 13 1
f 14 19 1
f 11 12 1
f 19 11 1
f 16 15 1
f 15 17 1
f 18 16 1
f 5 18 1
f 12 1 1
f 3 10 4