
NUMPOLLIES 12

v 60.000000 0.000000 20.000004
v 60.000000 0.000000 25.000004
v 20.000000 0.000000 25.000000
v 30.000000 0.000000 20.000000
v 30.000000 0.000000 25.000000
v 35.000000 0.000000 15.000002
v 35.000000 0.000000 30.000000
v 45.000000 0.000000 15.000002
v 45.000000 0.000000 30.000002
v 50.000000 0.000000 20.000002
v 50.000000 0.000000 25.000002
v 25.000002 0.000000 -2.499996
v 20.000004 0.000000 -2.499996
v 25.000000 0.000000 20.000004
f 5 3 1
f 2 11 1
f 10 1 1
f 9 7 1
f 6 8 1
f 4 6 1
f 8 10 1
f 7 5 1
f 11 9 1
f 12 14 1
f 3 13 1
f 14 4 1
