
NUMPOLLIES 21

v 48.749996 0.000000 60.000000
v 42.499996 0.000000 60.000000
v 31.249998 0.000000 60.000000
v 60.000000 0.000000 31.250006
v 60.000000 0.000000 37.500004
v 60.000000 0.000000 42.500004
v 60.000000 0.000000 48.750004
v 48.750000 0.000000 20.000000
v 20.000000 0.000000 48.749996
v 72.500000 0.000000 30.000002
v 67.500000 0.000000 30.000002
v 80.000000 0.000000 37.500004
v 80.000000 0.000000 42.500004
v 72.500000 0.000000 50.000000
v 67.500000 0.000000 50.000000
v 37.500000 0.000000 60.000000
v 50.000000 0.000000 67.500000
v 30.000002 0.000000 67.500000
v 50.000000 0.000000 72.500000
v 30.000002 0.000000 72.500000
v 42.500000 0.000000 80.000000
v 37.500000 0.000000 80.000000
f 8 4 1
f 4 5 1
f 6 7 1
f 3 9 1
f 7 1 1
f 1 2 1
f 12 13 1
f 11 10 1
f 10 12 1
f 13 14 1
f 14 15 1
f 21 22 1
f 18 16 1
f 20 18 1
f 22 20 1
f 19 21 1
f 17 19 1
f 16 3 1
f 2 17 1
f 15 6 1
f 5 11 1
