4 1 -60.000 -40.000 -30.000 -40.000
4 2 -10.000 -40.000 10.000 -40.000
4 3 30.000 -40.000 50.000 -40.000
4 4 -60.000 0.000 -30.000 0.000
4 5 -10.000 0.000 10.000 0.000
4 6 30.000 0.000 50.000 0.000
4 7 -60.000 40.000 -30.000 40.000
4 8 -10.000 40.000 10.000 40.000
4 9 30.000 40.000 50.000 40.000
90 4 13.000 -10.000 -13.000 0.000
100 100 0.625 0.000 -56.875 180.000
200 1 0.625 0.000 -56.875 0.000
201 9 76.875 0.000 39.375 0.000
300 300 0.000 0.000 0.000 0.000
300 301 0.000 0.000 0.000 0.000
300 302 0.000 0.000 0.000 0.000
300 303 0.000 0.000 0.000 0.000
300 304 0.000 0.000 0.000 0.000
300 305 0.000 0.000 0.000 0.000
190 190 -76.0 0.0 -34.0 30.0
120 130 -73.0 0.0 -34.0 60.0
120 137 -70.0 0.0 -34.0 120.0
120 130 -67.0 0.0 -34.0 150.0
120 127 -76.0 0.0 -37.0 210.0
190 191 -73.0 0.0 -37.0 240.0
120 130 -70.0 0.0 -37.0 300.0
120 127 -67.0 0.0 -37.0 330.0
120 130 -76.0 0.0 -40.0 30.0
120 127 -73.0 0.0 -40.0 60.0
190 190 -70.0 0.0 -40.0 120.0
120 130 -67.0 0.0 -40.0 150.0
120 130 -76.0 0.0 -43.0 210.0
120 130 -73.0 0.0 -43.0 240.0
120 137 -70.0 0.0 -43.0 300.0
190 193 -67.0 0.0 -43.0 330.0
101 104 -63.0 0.0 -41.0 0.0
190 191 65.0 0.0 -34.0 30.0
120 127 68.0 0.0 -34.0 60.0
120 130 71.0 0.0 -34.0 120.0
120 127 74.0 0.0 -34.0 150.0
120 137 65.0 0.0 -37.0 210.0
190 190 68.0 0.0 -37.0 240.0
120 130 71.0 0.0 -37.0 300.0
120 130 74.0 0.0 -37.0 330.0
120 137 65.0 0.0 -40.0 30.0
120 127 68.0 0.0 -40.0 60.0
190 190 71.0 0.0 -40.0 120.0
120 130 74.0 0.0 -40.0 150.0
120 127 65.0 0.0 -43.0 210.0
120 127 68.0 0.0 -43.0 240.0
120 127 71.0 0.0 -43.0 300.0
190 190 74.0 0.0 -43.0 330.0
220 220 63.0 0.0 -40.0 90.0
190 192 -76.0 0.0 6.0 30.0
120 137 -73.0 0.0 6.0 60.0
120 130 -70.0 0.0 6.0 120.0
120 130 -67.0 0.0 6.0 150.0
120 130 -76.0 0.0 3.0 210.0
190 193 -73.0 0.0 3.0 240.0
120 130 -70.0 0.0 3.0 300.0
120 137 -67.0 0.0 3.0 330.0
120 130 -76.0 0.0 0.0 30.0
120 127 -73.0 0.0 0.0 60.0
190 190 -70.0 0.0 0.0 120.0
120 137 -67.0 0.0 0.0 150.0
120 130 -76.0 0.0 -3.0 210.0
120 130 -73.0 0.0 -3.0 240.0
120 130 -70.0 0.0 -3.0 300.0
190 192 -67.0 0.0 -3.0 330.0
190 191 -47.0 0.0 47.0 30.0
120 137 -41.0 0.0 47.0 60.0
120 130 -35.0 0.0 47.0 120.0
120 130 -29.0 0.0 47.0 150.0
120 127 -23.0 0.0 47.0 210.0
120 127 -17.0 0.0 47.0 240.0
120 127 -11.0 0.0 47.0 300.0
120 127 -5.0 0.0 47.0 330.0
120 130 1.0 0.0 47.0 30.0
120 130 7.0 0.0 47.0 60.0
120 127 13.0 0.0 47.0 120.0
120 130 19.0 0.0 47.0 150.0
120 137 25.0 0.0 47.0 210.0
120 127 31.0 0.0 47.0 240.0
120 137 37.0 0.0 47.0 300.0
120 130 43.0 0.0 47.0 330.0
120 130 -47.0 0.0 41.0 30.0
190 192 -41.0 0.0 41.0 60.0
120 127 -35.0 0.0 41.0 120.0
120 127 -29.0 0.0 41.0 150.0
120 130 -23.0 0.0 41.0 210.0
120 137 -17.0 0.0 41.0 240.0
120 127 -11.0 0.0 41.0 300.0
120 137 -5.0 0.0 41.0 330.0
120 137 1.0 0.0 41.0 30.0
120 137 7.0 0.0 41.0 60.0
120 130 13.0 0.0 41.0 120.0
120 130 19.0 0.0 41.0 150.0
120 127 25.0 0.0 41.0 210.0
120 130 31.0 0.0 41.0 240.0
120 137 37.0 0.0 41.0 300.0
120 137 43.0 0.0 41.0 330.0
120 127 -47.0 0.0 35.0 30.0
120 137 -41.0 0.0 35.0 60.0
190 190 -35.0 0.0 35.0 120.0
120 127 -29.0 0.0 35.0 150.0
120 127 -23.0 0.0 35.0 210.0
120 130 -17.0 0.0 35.0 240.0
120 127 -11.0 0.0 35.0 300.0
120 130 -5.0 0.0 35.0 330.0
120 127 1.0 0.0 35.0 30.0
120 137 7.0 0.0 35.0 60.0
120 130 13.0 0.0 35.0 120.0
120 127 19.0 0.0 35.0 150.0
120 137 25.0 0.0 35.0 210.0
120 130 31.0 0.0 35.0 240.0
120 130 37.0 0.0 35.0 300.0
120 127 43.0 0.0 35.0 330.0
120 127 -47.0 0.0 29.0 30.0
120 130 -41.0 0.0 29.0 60.0
120 130 -35.0 0.0 29.0 120.0
190 193 -29.0 0.0 29.0 150.0
120 137 -23.0 0.0 29.0 210.0
120 127 -17.0 0.0 29.0 240.0
120 130 -11.0 0.0 29.0 300.0
120 127 -5.0 0.0 29.0 330.0
120 130 1.0 0.0 29.0 30.0
120 130 7.0 0.0 29.0 60.0
120 127 13.0 0.0 29.0 120.0
120 130 19.0 0.0 29.0 150.0
120 130 25.0 0.0 29.0 210.0
120 130 31.0 0.0 29.0 240.0
120 137 37.0 0.0 29.0 300.0
120 130 43.0 0.0 29.0 330.0
120 130 -47.0 0.0 23.0 30.0
120 130 -41.0 0.0 23.0 60.0
120 130 -35.0 0.0 23.0 120.0
120 127 -29.0 0.0 23.0 150.0
190 192 -23.0 0.0 23.0 210.0
120 130 -17.0 0.0 23.0 240.0
120 130 -11.0 0.0 23.0 300.0
120 127 -5.0 0.0 23.0 330.0
120 130 1.0 0.0 23.0 30.0
120 130 7.0 0.0 23.0 60.0
120 127 13.0 0.0 23.0 120.0
120 130 19.0 0.0 23.0 150.0
120 130 25.0 0.0 23.0 210.0
120 130 31.0 0.0 23.0 240.0
120 130 37.0 0.0 23.0 300.0
120 130 43.0 0.0 23.0 330.0
120 130 -47.0 0.0 17.0 30.0
120 130 -41.0 0.0 17.0 60.0
120 130 -35.0 0.0 17.0 120.0
120 130 -29.0 0.0 17.0 150.0
120 130 -23.0 0.0 17.0 210.0
190 191 -17.0 0.0 17.0 240.0
120 127 -11.0 0.0 17.0 300.0
120 127 -5.0 0.0 17.0 330.0
120 127 1.0 0.0 17.0 30.0
120 127 7.0 0.0 17.0 60.0
120 130 13.0 0.0 17.0 120.0
120 130 19.0 0.0 17.0 150.0
120 127 25.0 0.0 17.0 210.0
120 127 31.0 0.0 17.0 240.0
120 130 37.0 0.0 17.0 300.0
120 130 43.0 0.0 17.0 330.0
120 137 -47.0 0.0 11.0 30.0
120 127 -41.0 0.0 11.0 60.0
120 130 -35.0 0.0 11.0 120.0
120 137 -29.0 0.0 11.0 150.0
120 127 -23.0 0.0 11.0 210.0
120 130 -17.0 0.0 11.0 240.0
190 191 -11.0 0.0 11.0 300.0
120 137 -5.0 0.0 11.0 330.0
120 127 1.0 0.0 11.0 30.0
120 130 7.0 0.0 11.0 60.0
120 130 13.0 0.0 11.0 120.0
120 130 19.0 0.0 11.0 150.0
120 130 25.0 0.0 11.0 210.0
120 130 31.0 0.0 11.0 240.0
120 127 37.0 0.0 11.0 300.0
120 127 43.0 0.0 11.0 330.0
120 130 -47.0 0.0 5.0 30.0
120 130 -41.0 0.0 5.0 60.0
120 130 -35.0 0.0 5.0 120.0
120 137 -29.0 0.0 5.0 150.0
120 127 -23.0 0.0 5.0 210.0
120 137 -17.0 0.0 5.0 240.0
120 130 -11.0 0.0 5.0 300.0
190 192 -5.0 0.0 5.0 330.0
120 127 1.0 0.0 5.0 30.0
120 127 7.0 0.0 5.0 60.0
120 130 13.0 0.0 5.0 120.0
120 130 19.0 0.0 5.0 150.0
120 137 25.0 0.0 5.0 210.0
120 130 31.0 0.0 5.0 240.0
120 137 37.0 0.0 5.0 300.0
120 130 43.0 0.0 5.0 330.0
120 130 -47.0 0.0 -1.0 30.0
120 130 -41.0 0.0 -1.0 60.0
120 130 -35.0 0.0 -1.0 120.0
120 130 -29.0 0.0 -1.0 150.0
120 130 -23.0 0.0 -1.0 210.0
120 130 -17.0 0.0 -1.0 240.0
120 130 -11.0 0.0 -1.0 300.0
120 127 -5.0 0.0 -1.0 330.0
190 193 1.0 0.0 -1.0 30.0
120 137 7.0 0.0 -1.0 60.0
120 130 13.0 0.0 -1.0 120.0
120 137 19.0 0.0 -1.0 150.0
120 130 25.0 0.0 -1.0 210.0
120 130 31.0 0.0 -1.0 240.0
120 137 37.0 0.0 -1.0 300.0
120 130 43.0 0.0 -1.0 330.0
120 130 -47.0 0.0 -7.0 30.0
120 130 -41.0 0.0 -7.0 60.0
120 130 -35.0 0.0 -7.0 120.0
120 130 -29.0 0.0 -7.0 150.0
120 130 -23.0 0.0 -7.0 210.0
120 137 -17.0 0.0 -7.0 240.0
120 137 -11.0 0.0 -7.0 300.0
120 130 -5.0 0.0 -7.0 330.0
120 127 1.0 0.0 -7.0 30.0
190 193 7.0 0.0 -7.0 60.0
120 130 13.0 0.0 -7.0 120.0
120 127 19.0 0.0 -7.0 150.0
120 127 25.0 0.0 -7.0 210.0
120 127 31.0 0.0 -7.0 240.0
120 127 37.0 0.0 -7.0 300.0
120 130 43.0 0.0 -7.0 330.0
120 127 -47.0 0.0 -13.0 30.0
120 137 -41.0 0.0 -13.0 60.0
120 137 -35.0 0.0 -13.0 120.0
120 137 -29.0 0.0 -13.0 150.0
120 127 -23.0 0.0 -13.0 210.0
120 130 -17.0 0.0 -13.0 240.0
120 137 -11.0 0.0 -13.0 300.0
120 130 -5.0 0.0 -13.0 330.0
120 130 1.0 0.0 -13.0 30.0
120 130 7.0 0.0 -13.0 60.0
190 191 13.0 0.0 -13.0 120.0
120 130 19.0 0.0 -13.0 150.0
120 127 25.0 0.0 -13.0 210.0
120 130 31.0 0.0 -13.0 240.0
120 130 37.0 0.0 -13.0 300.0
120 130 43.0 0.0 -13.0 330.0
120 130 -47.0 0.0 -19.0 30.0
120 130 -41.0 0.0 -19.0 60.0
120 130 -35.0 0.0 -19.0 120.0
120 130 -29.0 0.0 -19.0 150.0
120 137 -23.0 0.0 -19.0 210.0
120 127 -17.0 0.0 -19.0 240.0
120 130 -11.0 0.0 -19.0 300.0
120 130 -5.0 0.0 -19.0 330.0
120 137 1.0 0.0 -19.0 30.0
120 127 7.0 0.0 -19.0 60.0
120 130 13.0 0.0 -19.0 120.0
190 193 19.0 0.0 -19.0 150.0
120 137 25.0 0.0 -19.0 210.0
120 130 31.0 0.0 -19.0 240.0
120 137 37.0 0.0 -19.0 300.0
120 127 43.0 0.0 -19.0 330.0
120 130 -47.0 0.0 -25.0 30.0
120 137 -41.0 0.0 -25.0 60.0
120 137 -35.0 0.0 -25.0 120.0
120 130 -29.0 0.0 -25.0 150.0
120 137 -23.0 0.0 -25.0 210.0
120 127 -17.0 0.0 -25.0 240.0
120 130 -11.0 0.0 -25.0 300.0
120 127 -5.0 0.0 -25.0 330.0
120 130 1.0 0.0 -25.0 30.0
120 127 7.0 0.0 -25.0 60.0
120 130 13.0 0.0 -25.0 120.0
120 137 19.0 0.0 -25.0 150.0
190 192 25.0 0.0 -25.0 210.0
120 127 31.0 0.0 -25.0 240.0
120 130 37.0 0.0 -25.0 300.0
120 137 43.0 0.0 -25.0 330.0
120 130 -47.0 0.0 -31.0 30.0
120 127 -41.0 0.0 -31.0 60.0
120 137 -35.0 0.0 -31.0 120.0
120 137 -29.0 0.0 -31.0 150.0
120 130 -23.0 0.0 -31.0 210.0
120 137 -17.0 0.0 -31.0 240.0
120 127 -11.0 0.0 -31.0 300.0
120 130 -5.0 0.0 -31.0 330.0
120 137 1.0 0.0 -31.0 30.0
120 127 7.0 0.0 -31.0 60.0
120 130 13.0 0.0 -31.0 120.0
120 130 19.0 0.0 -31.0 150.0
120 127 25.0 0.0 -31.0 210.0
190 192 31.0 0.0 -31.0 240.0
120 137 37.0 0.0 -31.0 300.0
120 127 43.0 0.0 -31.0 330.0
120 137 -47.0 0.0 -37.0 30.0
120 130 -41.0 0.0 -37.0 60.0
120 137 -35.0 0.0 -37.0 120.0
120 130 -29.0 0.0 -37.0 150.0
120 127 -23.0 0.0 -37.0 210.0
120 127 -17.0 0.0 -37.0 240.0
120 130 -11.0 0.0 -37.0 300.0
120 137 -5.0 0.0 -37.0 330.0
120 127 1.0 0.0 -37.0 30.0
120 130 7.0 0.0 -37.0 60.0
120 130 13.0 0.0 -37.0 120.0
120 137 19.0 0.0 -37.0 150.0
120 127 25.0 0.0 -37.0 210.0
120 127 31.0 0.0 -37.0 240.0
190 193 37.0 0.0 -37.0 300.0
120 130 43.0 0.0 -37.0 330.0
120 130 -47.0 0.0 -43.0 30.0
120 127 -41.0 0.0 -43.0 60.0
120 130 -35.0 0.0 -43.0 120.0
120 130 -29.0 0.0 -43.0 150.0
120 130 -23.0 0.0 -43.0 210.0
120 127 -17.0 0.0 -43.0 240.0
120 137 -11.0 0.0 -43.0 300.0
120 127 -5.0 0.0 -43.0 330.0
120 127 1.0 0.0 -43.0 30.0
120 127 7.0 0.0 -43.0 60.0
120 130 13.0 0.0 -43.0 120.0
120 127 19.0 0.0 -43.0 150.0
120 137 25.0 0.0 -43.0 210.0
120 127 31.0 0.0 -43.0 240.0
120 130 37.0 0.0 -43.0 300.0
190 192 43.0 0.0 -43.0 330.0
101 102 0.0 0.0 0.0 0.0
220 224 5.0 0.0 3.0 90.0
220 225 3.0 0.0 1.0 0.0
220 220 -43.0 0.0 -35.0 90.0
220 220 -28.0 0.0 -23.0 90.0
220 220 33.0 0.0 -21.0 0.0
220 221 29.0 0.0 -27.0 90.0
220 221 -14.0 0.0 32.0 0.0
220 221 -32.0 0.0 26.0 90.0
220 220 10.0 0.0 32.0 0.0
220 221 34.0 0.0 44.0 0.0
220 222 -20.0 0.0 -20.0 0.0
220 222 -10.0 0.0 -10.0 0.0
220 222 20.0 0.0 -20.0 0.0
220 222 10.0 0.0 -10.0 0.0
220 222 -20.0 0.0 20.0 0.0
220 222 -10.0 0.0 10.0 0.0
220 222 20.0 0.0 20.0 0.0
220 222 10.0 0.0 10.0 0.0
190 191 65.0 0.0 6.0 30.0
120 137 68.0 0.0 6.0 60.0
120 130 71.0 0.0 6.0 120.0
120 130 74.0 0.0 6.0 150.0
120 130 65.0 0.0 3.0 210.0
190 190 68.0 0.0 3.0 240.0
120 137 71.0 0.0 3.0 300.0
120 137 74.0 0.0 3.0 330.0
120 130 65.0 0.0 0.0 30.0
120 130 68.0 0.0 0.0 60.0
190 192 71.0 0.0 0.0 120.0
120 137 74.0 0.0 0.0 150.0
120 127 65.0 0.0 -3.0 210.0
120 137 68.0 0.0 -3.0 240.0
120 130 71.0 0.0 -3.0 300.0
190 191 74.0 0.0 -3.0 330.0
101 103 65.0 0.0 -2.0 0.0
220 223 72.0 0.0 2.0 0.0
190 193 -76.0 0.0 46.0 30.0
120 137 -73.0 0.0 46.0 60.0
120 137 -70.0 0.0 46.0 120.0
120 130 -67.0 0.0 46.0 150.0
120 137 -76.0 0.0 43.0 210.0
190 191 -73.0 0.0 43.0 240.0
120 130 -70.0 0.0 43.0 300.0
120 130 -67.0 0.0 43.0 330.0
120 130 -76.0 0.0 40.0 30.0
120 137 -73.0 0.0 40.0 60.0
190 190 -70.0 0.0 40.0 120.0
120 137 -67.0 0.0 40.0 150.0
120 127 -76.0 0.0 37.0 210.0
120 130 -73.0 0.0 37.0 240.0
120 130 -70.0 0.0 37.0 300.0
190 193 -67.0 0.0 37.0 330.0
220 222 -68.0 0.0 42.0 0.0
190 191 -45.0 0.0 76.0 30.0
120 127 -42.0 0.0 76.0 60.0
120 130 -39.0 0.0 76.0 120.0
120 130 -36.0 0.0 76.0 150.0
120 137 -45.0 0.0 73.0 210.0
190 191 -42.0 0.0 73.0 240.0
120 130 -39.0 0.0 73.0 300.0
120 127 -36.0 0.0 73.0 330.0
120 137 -45.0 0.0 70.0 30.0
120 127 -42.0 0.0 70.0 60.0
190 193 -39.0 0.0 70.0 120.0
120 137 -36.0 0.0 70.0 150.0
120 127 -45.0 0.0 67.0 210.0
120 130 -42.0 0.0 67.0 240.0
120 130 -39.0 0.0 67.0 300.0
190 190 -36.0 0.0 67.0 330.0
220 225 -39.0 0.0 78.0 180.0
190 193 -6.0 0.0 76.0 30.0
120 130 -3.0 0.0 76.0 60.0
120 130 0.0 0.0 76.0 120.0
120 130 3.0 0.0 76.0 150.0
120 127 -6.0 0.0 73.0 210.0
190 190 -3.0 0.0 73.0 240.0
120 130 0.0 0.0 73.0 300.0
120 130 3.0 0.0 73.0 330.0
120 137 -6.0 0.0 70.0 30.0
120 130 -3.0 0.0 70.0 60.0
190 191 0.0 0.0 70.0 120.0
120 130 3.0 0.0 70.0 150.0
120 137 -6.0 0.0 67.0 210.0
120 130 -3.0 0.0 67.0 240.0
120 127 0.0 0.0 67.0 300.0
190 191 3.0 0.0 67.0 330.0
220 222 1.0 0.0 68.0 0.0
190 190 34.0 0.0 76.0 30.0
120 127 37.0 0.0 76.0 60.0
120 130 40.0 0.0 76.0 120.0
120 130 43.0 0.0 76.0 150.0
120 137 34.0 0.0 73.0 210.0
190 191 37.0 0.0 73.0 240.0
120 127 40.0 0.0 73.0 300.0
120 130 43.0 0.0 73.0 330.0
120 137 34.0 0.0 70.0 30.0
120 127 37.0 0.0 70.0 60.0
190 191 40.0 0.0 70.0 120.0
120 130 43.0 0.0 70.0 150.0
120 137 34.0 0.0 67.0 210.0
120 127 37.0 0.0 67.0 240.0
120 137 40.0 0.0 67.0 300.0
190 190 43.0 0.0 67.0 330.0
190 193 65.0 0.0 46.0 30.0
120 130 68.0 0.0 46.0 60.0
120 127 71.0 0.0 46.0 120.0
120 130 74.0 0.0 46.0 150.0
120 137 65.0 0.0 43.0 210.0
190 193 68.0 0.0 43.0 240.0
120 130 71.0 0.0 43.0 300.0
120 127 74.0 0.0 43.0 330.0
120 137 65.0 0.0 40.0 30.0
120 137 68.0 0.0 40.0 60.0
190 193 71.0 0.0 40.0 120.0
120 130 74.0 0.0 40.0 150.0
120 127 65.0 0.0 37.0 210.0
120 130 68.0 0.0 37.0 240.0
120 130 71.0 0.0 37.0 300.0
190 191 74.0 0.0 37.0 330.0
120 146 75.0 0.0 41.0 90.0
190 192 62.0 0.0 39.0 90.0
190 193 63.0 0.0 41.0 90.0
