9 1 15.000 55.000 35.000 55.000
9 2 65.000 60.000 70.000 40.000
9 3 85.000 10.000 110.000 10.000
9 4 140.000 10.000 170.000 10.000
9 5 55.000 -10.000 15.000 -10.000
9 6 -35.000 5.000 -70.000 20.000
9 7 -85.000 -10.000 -115.000 -15.000
9 8 -105.000 -50.000 -90.000 -90.000
9 9 -80.000 -130.000 -50.000 -100.000
90 9 13.000 -10.000 -13.000 0.000
100 100 25.625 0.000 48.025 180.000
200 1 25.625 0.000 48.025 0.000
203 6 -13.125 10.000 -5.125 0.000
202 5 18.125 0.000 -5.125 0.000
204 3 117.500 0.000 8.000 0.000
300 300 0.000 0.000 0.000 0.000
300 301 0.000 0.000 0.000 0.000
300 302 0.000 0.000 0.000 0.000
300 303 0.000 0.000 0.000 0.000
300 304 0.000 0.000 0.000 0.000
300 305 0.000 0.000 0.000 0.000
190 193 24.0 0.0 78.0 30.0
120 135 24.0 0.0 72.0 60.0
120 135 24.0 0.0 66.0 120.0
120 134 24.0 0.0 60.0 150.0
190 190 10.0 0.0 78.0 30.0
120 134 14.0 0.0 78.0 60.0
120 134 18.0 0.0 78.0 120.0
120 122 22.0 0.0 78.0 150.0
190 190 5.0 0.0 78.0 30.0
120 134 5.0 0.0 72.0 60.0
120 134 5.0 0.0 66.0 120.0
120 134 5.0 0.0 60.0 150.0
120 122 5.0 0.0 54.0 210.0
120 134 5.0 0.0 48.0 240.0
120 122 5.0 0.0 42.0 300.0
120 122 5.0 0.0 36.0 330.0
190 193 5.0 0.0 34.0 30.0
120 122 9.0 0.0 34.0 60.0
120 135 13.0 0.0 34.0 120.0
120 135 17.0 0.0 34.0 150.0
120 122 5.0 0.0 31.0 210.0
190 192 9.0 0.0 31.0 240.0
120 135 13.0 0.0 31.0 300.0
120 135 17.0 0.0 31.0 330.0
190 191 19.0 0.0 34.0 30.0
120 134 23.0 0.0 34.0 60.0
120 135 27.0 0.0 34.0 120.0
120 122 19.0 0.0 30.0 150.0
190 190 23.0 0.0 30.0 210.0
120 122 27.0 0.0 30.0 240.0
120 134 19.0 0.0 26.0 300.0
120 122 23.0 0.0 26.0 330.0
190 193 27.0 0.0 26.0 30.0
101 102 20.0 0.0 30.0 0.0
190 190 31.0 0.0 34.0 30.0
120 134 35.0 0.0 34.0 60.0
120 122 39.0 0.0 34.0 120.0
120 122 43.0 0.0 34.0 150.0
120 134 31.0 0.0 31.0 210.0
190 192 35.0 0.0 31.0 240.0
120 134 39.0 0.0 31.0 300.0
120 134 43.0 0.0 31.0 330.0
190 191 45.0 0.0 68.0 30.0
120 122 45.0 0.0 65.0 60.0
120 134 45.0 0.0 62.0 120.0
120 122 45.0 0.0 59.0 150.0
120 135 45.0 0.0 56.0 210.0
120 135 45.0 0.0 53.0 240.0
120 122 45.0 0.0 50.0 300.0
120 134 45.0 0.0 47.0 330.0
120 134 45.0 0.0 44.0 30.0
120 134 45.0 0.0 41.0 60.0
120 134 45.0 0.0 38.0 120.0
190 191 48.0 0.0 69.0 30.0
120 122 50.0 0.0 69.0 60.0
120 135 52.0 0.0 69.0 120.0
120 122 54.0 0.0 69.0 150.0
120 134 56.0 0.0 69.0 210.0
120 134 58.0 0.0 69.0 240.0
120 134 60.0 0.0 69.0 300.0
120 134 62.0 0.0 69.0 330.0
120 122 64.0 0.0 69.0 30.0
120 134 66.0 0.0 69.0 60.0
190 191 70.0 0.0 73.0 30.0
120 134 73.0 0.0 73.0 60.0
120 134 70.0 0.0 69.0 120.0
190 191 73.0 0.0 69.0 150.0
120 135 70.0 0.0 65.0 210.0
120 135 73.0 0.0 65.0 240.0
220 222 73.0 0.0 75.0 0.0
190 192 74.0 0.0 61.0 30.0
120 122 74.0 0.0 58.0 60.0
120 134 74.0 0.0 55.0 120.0
120 122 74.0 0.0 52.0 150.0
120 122 74.0 0.0 49.0 210.0
120 134 74.0 0.0 46.0 240.0
120 134 74.0 0.0 43.0 300.0
120 122 74.0 0.0 40.0 330.0
120 134 74.0 0.0 37.0 30.0
120 135 74.0 0.0 34.0 60.0
190 191 74.0 0.0 27.0 30.0
120 134 78.0 0.0 27.0 60.0
120 134 82.0 0.0 27.0 120.0
120 134 86.0 0.0 27.0 150.0
120 134 74.0 0.0 24.0 210.0
190 193 78.0 0.0 24.0 240.0
120 122 82.0 0.0 24.0 300.0
120 135 86.0 0.0 24.0 330.0
190 191 89.0 0.0 24.0 30.0
120 134 90.0 0.0 22.0 60.0
120 134 93.0 0.0 19.0 120.0
120 122 95.0 0.0 18.0 150.0
190 192 96.0 0.0 16.0 30.0
120 122 99.0 0.0 16.0 60.0
120 134 102.0 0.0 16.0 120.0
120 134 105.0 0.0 16.0 150.0
120 135 108.0 0.0 16.0 210.0
120 134 111.0 0.0 16.0 240.0
120 134 114.0 0.0 16.0 300.0
120 135 96.0 0.0 10.0 330.0
190 191 99.0 0.0 10.0 30.0
120 134 102.0 0.0 10.0 60.0
120 134 105.0 0.0 10.0 120.0
120 134 108.0 0.0 10.0 150.0
120 134 111.0 0.0 10.0 210.0
120 134 114.0 0.0 10.0 240.0
120 122 96.0 0.0 4.0 300.0
120 122 99.0 0.0 4.0 330.0
190 191 102.0 0.0 4.0 30.0
120 122 105.0 0.0 4.0 60.0
120 135 108.0 0.0 4.0 120.0
120 135 111.0 0.0 4.0 150.0
120 135 114.0 0.0 4.0 210.0
101 104 105.0 0.0 12.0 0.0
220 223 106.0 0.0 6.0 0.0
190 191 110.0 0.0 25.0 30.0
120 135 113.0 0.0 25.0 60.0
120 134 116.0 0.0 25.0 120.0
120 134 119.0 0.0 25.0 150.0
120 134 110.0 0.0 21.0 210.0
190 191 113.0 0.0 21.0 240.0
120 135 116.0 0.0 21.0 300.0
120 134 119.0 0.0 21.0 330.0
190 193 110.0 0.0 -2.0 30.0
120 135 113.0 0.0 -2.0 60.0
120 134 116.0 0.0 -2.0 120.0
120 122 119.0 0.0 -2.0 150.0
120 134 110.0 0.0 -6.0 210.0
190 193 113.0 0.0 -6.0 240.0
120 135 116.0 0.0 -6.0 300.0
120 135 119.0 0.0 -6.0 330.0
190 192 96.0 0.0 -1.0 30.0
120 134 94.0 0.0 -2.0 60.0
120 135 91.0 0.0 -4.0 120.0
190 190 91.0 0.0 -7.0 150.0
190 190 59.0 0.0 -8.0 30.0
120 122 65.0 0.0 -8.0 60.0
120 134 71.0 0.0 -8.0 120.0
120 135 77.0 0.0 -8.0 150.0
120 134 83.0 0.0 -8.0 210.0
120 135 89.0 0.0 -8.0 240.0
190 190 149.0 0.0 13.0 30.0
120 135 153.0 0.0 13.0 60.0
120 134 157.0 0.0 13.0 120.0
120 135 161.0 0.0 13.0 150.0
120 134 149.0 0.0 7.0 210.0
190 191 153.0 0.0 7.0 240.0
120 134 157.0 0.0 7.0 300.0
120 122 161.0 0.0 7.0 330.0
190 190 168.0 0.0 23.0 30.0
120 134 172.0 0.0 23.0 60.0
120 122 176.0 0.0 23.0 120.0
120 135 168.0 0.0 17.0 150.0
190 191 172.0 0.0 17.0 210.0
120 122 176.0 0.0 17.0 240.0
120 122 168.0 0.0 11.0 300.0
120 134 172.0 0.0 11.0 330.0
190 190 176.0 0.0 11.0 30.0
120 122 168.0 0.0 5.0 60.0
120 134 172.0 0.0 5.0 120.0
120 134 176.0 0.0 5.0 150.0
120 134 168.0 0.0 -1.0 210.0
120 134 172.0 0.0 -1.0 240.0
120 122 176.0 0.0 -1.0 300.0
120 134 168.0 0.0 -7.0 330.0
120 134 172.0 0.0 -7.0 30.0
120 122 176.0 0.0 -7.0 60.0
101 105 179.0 0.0 9.0 0.0
190 190 143.0 0.0 7.0 90.0
190 192 145.0 0.0 9.0 90.0
190 190 48.0 0.0 -3.0 30.0
120 134 51.0 0.0 -3.0 60.0
120 122 54.0 0.0 -3.0 120.0
120 122 57.0 0.0 -3.0 150.0
120 135 48.0 0.0 -7.0 210.0
190 191 51.0 0.0 -7.0 240.0
120 135 54.0 0.0 -7.0 300.0
120 134 57.0 0.0 -7.0 330.0
120 134 48.0 0.0 -11.0 30.0
120 134 51.0 0.0 -11.0 60.0
190 191 54.0 0.0 -11.0 120.0
120 135 57.0 0.0 -11.0 150.0
190 193 29.0 0.0 -8.0 30.0
120 122 33.0 0.0 -8.0 60.0
120 134 37.0 0.0 -8.0 120.0
120 135 41.0 0.0 -8.0 150.0
120 134 29.0 0.0 -11.0 210.0
190 191 33.0 0.0 -11.0 240.0
120 134 37.0 0.0 -11.0 300.0
120 122 41.0 0.0 -11.0 330.0
190 191 22.0 0.0 -3.0 30.0
120 135 25.0 0.0 -3.0 60.0
120 134 22.0 0.0 -7.0 120.0
190 191 25.0 0.0 -7.0 150.0
120 134 22.0 0.0 -11.0 210.0
120 135 25.0 0.0 -11.0 240.0
120 134 22.0 0.0 -15.0 300.0
120 135 25.0 0.0 -15.0 330.0
190 192 15.0 0.0 -9.0 30.0
120 134 18.0 0.0 -9.0 60.0
120 135 15.0 0.0 -11.0 120.0
190 191 18.0 0.0 -11.0 150.0
120 134 15.0 0.0 -13.0 210.0
120 122 18.0 0.0 -13.0 240.0
190 190 -22.0 10.0 -9.0 30.0
120 134 -20.0 10.0 -9.0 60.0
120 122 -18.0 10.0 -9.0 120.0
120 135 -16.0 10.0 -9.0 150.0
120 134 -14.0 10.0 -9.0 210.0
120 134 -22.0 10.0 -12.0 240.0
190 192 -20.0 10.0 -12.0 300.0
120 134 -18.0 10.0 -12.0 330.0
120 134 -16.0 10.0 -12.0 30.0
120 122 -14.0 10.0 -12.0 60.0
190 190 -22.0 10.0 -3.0 30.0
120 135 -19.0 10.0 -3.0 60.0
120 135 -22.0 10.0 -5.0 120.0
190 190 -19.0 10.0 -5.0 150.0
120 134 -22.0 10.0 -7.0 210.0
120 134 -19.0 10.0 -7.0 240.0
190 192 -50.0 10.0 -8.0 30.0
120 134 -44.0 10.0 -8.0 60.0
120 134 -38.0 10.0 -8.0 120.0
120 135 -32.0 10.0 -8.0 150.0
190 193 -49.0 10.0 26.0 30.0
120 134 -49.0 10.0 20.0 60.0
120 134 -49.0 10.0 14.0 120.0
120 135 -49.0 10.0 8.0 150.0
120 122 -49.0 10.0 2.0 210.0
190 192 -72.0 10.0 37.0 30.0
120 134 -68.0 10.0 37.0 60.0
120 134 -64.0 10.0 37.0 120.0
120 135 -60.0 10.0 37.0 150.0
120 122 -56.0 10.0 37.0 210.0
120 134 -72.0 10.0 34.0 240.0
190 191 -68.0 10.0 34.0 300.0
120 122 -64.0 10.0 34.0 330.0
120 122 -60.0 10.0 34.0 30.0
120 134 -56.0 10.0 34.0 60.0
190 193 -50.0 10.0 28.0 120.0
120 134 -50.0 10.0 31.0 150.0
120 134 -53.0 10.0 32.0 210.0
120 134 -54.0 10.0 33.0 240.0
120 135 -58.0 10.0 42.0 300.0
190 192 -59.0 10.0 39.0 330.0
120 134 -60.0 10.0 44.0 30.0
120 134 -62.0 10.0 46.0 60.0
190 193 -62.0 10.0 49.0 120.0
120 134 -65.0 10.0 46.0 150.0
120 135 -67.0 10.0 46.0 210.0
120 122 -67.0 10.0 49.0 240.0
120 122 -69.0 10.0 46.0 300.0
190 193 -71.0 10.0 46.0 330.0
120 134 -71.0 10.0 43.0 30.0
120 134 -71.0 10.0 39.0 60.0
190 193 -75.0 10.0 34.0 120.0
120 135 -75.0 10.0 32.0 150.0
120 122 -77.0 10.0 32.0 210.0
120 122 -80.0 10.0 29.0 240.0
190 191 -84.0 10.0 27.0 30.0
120 134 -84.0 10.0 21.0 60.0
120 134 -84.0 10.0 15.0 120.0
120 134 -84.0 10.0 9.0 150.0
120 134 -84.0 10.0 3.0 210.0
120 134 -84.0 10.0 -3.0 240.0
190 193 -112.0 10.0 -8.0 30.0
120 135 -106.0 10.0 -8.0 60.0
120 134 -100.0 10.0 -8.0 120.0
120 135 -94.0 10.0 -8.0 150.0
120 134 -88.0 10.0 -8.0 210.0
190 190 -131.0 10.0 -8.0 30.0
120 122 -128.0 10.0 -8.0 60.0
120 122 -125.0 10.0 -8.0 120.0
120 122 -122.0 10.0 -8.0 150.0
120 122 -119.0 10.0 -8.0 210.0
120 122 -116.0 10.0 -8.0 240.0
120 134 -131.0 10.0 -14.0 300.0
190 190 -128.0 10.0 -14.0 330.0
120 135 -125.0 10.0 -14.0 30.0
120 134 -122.0 10.0 -14.0 60.0
120 135 -119.0 10.0 -14.0 120.0
120 134 -116.0 10.0 -14.0 150.0
120 135 -131.0 10.0 -20.0 210.0
120 135 -128.0 10.0 -20.0 240.0
190 190 -125.0 10.0 -20.0 300.0
120 134 -122.0 10.0 -20.0 330.0
120 135 -119.0 10.0 -20.0 30.0
120 122 -116.0 10.0 -20.0 60.0
220 222 -121.0 10.0 -10.0 0.0
190 193 -106.0 10.0 -39.0 30.0
120 135 -106.0 10.0 -41.0 60.0
120 134 -106.0 10.0 -43.0 120.0
120 134 -106.0 10.0 -45.0 150.0
120 122 -106.0 10.0 -47.0 210.0
120 135 -106.0 10.0 -49.0 240.0
190 191 -115.0 10.0 -31.0 300.0
120 134 -111.0 10.0 -32.0 330.0
120 134 -111.0 10.0 -34.0 30.0
190 191 -109.0 10.0 -34.0 60.0
120 134 -109.0 10.0 -37.0 120.0
120 134 -106.0 10.0 -37.0 150.0
120 134 -100.0 10.0 -55.0 210.0
190 190 -104.0 10.0 -52.0 240.0
190 190 -98.0 10.0 -56.0 300.0
190 192 -96.0 10.0 -60.0 30.0
120 134 -96.0 10.0 -62.0 60.0
120 134 -96.0 10.0 -64.0 120.0
120 134 -96.0 10.0 -66.0 150.0
120 122 -96.0 10.0 -68.0 210.0
120 134 -96.0 10.0 -70.0 240.0
120 122 -96.0 10.0 -72.0 300.0
120 122 -96.0 10.0 -74.0 330.0
190 191 -102.0 10.0 -76.0 30.0
120 134 -96.0 10.0 -76.0 60.0
120 135 -90.0 10.0 -76.0 120.0
120 134 -84.0 10.0 -76.0 150.0
120 134 -78.0 10.0 -76.0 210.0
120 122 -102.0 10.0 -83.0 240.0
190 192 -96.0 10.0 -83.0 300.0
120 135 -90.0 10.0 -83.0 330.0
120 134 -84.0 10.0 -83.0 30.0
120 122 -78.0 10.0 -83.0 60.0
120 122 -102.0 10.0 -90.0 120.0
120 135 -96.0 10.0 -90.0 150.0
190 191 -90.0 10.0 -90.0 210.0
120 134 -84.0 10.0 -90.0 240.0
120 134 -78.0 10.0 -90.0 300.0
120 134 -102.0 10.0 -97.0 330.0
120 134 -96.0 10.0 -97.0 30.0
120 135 -90.0 10.0 -97.0 60.0
190 192 -84.0 10.0 -97.0 120.0
120 134 -78.0 10.0 -97.0 150.0
220 220 -92.0 10.0 -110.0 90.0
220 221 -70.0 10.0 -88.0 0.0
190 192 -102.0 10.0 -116.0 30.0
120 134 -96.0 10.0 -116.0 60.0
120 134 -90.0 10.0 -116.0 120.0
120 135 -84.0 10.0 -116.0 150.0
120 122 -78.0 10.0 -116.0 210.0
120 135 -102.0 10.0 -123.0 240.0
190 192 -96.0 10.0 -123.0 300.0
120 122 -90.0 10.0 -123.0 330.0
120 134 -84.0 10.0 -123.0 30.0
120 122 -78.0 10.0 -123.0 60.0
120 135 -102.0 10.0 -130.0 120.0
120 135 -96.0 10.0 -130.0 150.0
190 192 -90.0 10.0 -130.0 210.0
120 134 -84.0 10.0 -130.0 240.0
120 122 -78.0 10.0 -130.0 300.0
120 122 -102.0 10.0 -137.0 330.0
120 122 -96.0 10.0 -137.0 30.0
120 122 -90.0 10.0 -137.0 60.0
190 191 -84.0 10.0 -137.0 120.0
120 122 -78.0 10.0 -137.0 150.0
220 221 -70.0 10.0 -132.0 0.0
190 192 -62.0 10.0 -76.0 30.0
120 135 -56.0 10.0 -76.0 60.0
120 134 -50.0 10.0 -76.0 120.0
120 134 -44.0 10.0 -76.0 150.0
120 122 -38.0 10.0 -76.0 210.0
120 134 -62.0 10.0 -83.0 240.0
190 192 -56.0 10.0 -83.0 300.0
120 135 -50.0 10.0 -83.0 330.0
120 134 -44.0 10.0 -83.0 30.0
120 134 -38.0 10.0 -83.0 60.0
120 135 -62.0 10.0 -90.0 120.0
120 134 -56.0 10.0 -90.0 150.0
190 190 -50.0 10.0 -90.0 210.0
120 134 -44.0 10.0 -90.0 240.0
120 135 -38.0 10.0 -90.0 300.0
120 135 -62.0 10.0 -97.0 330.0
120 134 -56.0 10.0 -97.0 30.0
120 134 -50.0 10.0 -97.0 60.0
190 190 -44.0 10.0 -97.0 120.0
120 122 -38.0 10.0 -97.0 150.0
220 220 -43.0 10.0 -110.0 90.0
190 190 -62.0 10.0 -116.0 30.0
120 135 -53.0 10.0 -116.0 60.0
120 134 -44.0 10.0 -116.0 120.0
120 134 -35.0 10.0 -116.0 150.0
120 122 -62.0 10.0 -126.0 210.0
190 190 -53.0 10.0 -126.0 240.0
120 135 -44.0 10.0 -126.0 300.0
120 122 -35.0 10.0 -126.0 330.0
120 134 -62.0 10.0 -136.0 30.0
120 134 -53.0 10.0 -136.0 60.0
190 190 -44.0 10.0 -136.0 120.0
120 122 -35.0 10.0 -136.0 150.0
120 147 -40.0 10.0 -145.0 120.0
220 226 -48.8 10.0 -152.8 0.0
220 227 -48.8 10.0 -149.4 0.0
220 222 -45.625 10.0 -147.625 720.0
220 222 -51.875 10.0 -147.625 720.0
190	190	-47.5 10.0 -145.75 720.0
190 191 -50.0 10.0 -145.75	720.0
190 192 -50.0 10.0 -144.5 720.0
190 192 -47.5 10.0 -144.5 720.0
190 193 -48.75 10.0 -143.25 720.0
