
NUMPOLLIES 12

v 53.749996 40.000000 70.000000
v 36.249996 40.000000 70.000000
v 65.000000 40.000000 41.250004
v 65.000000 40.000000 58.750004
v 53.750000 40.000000 30.000002
v 36.250004 40.000000 29.999998
v 24.999998 40.000000 58.750000
v 25.000004 40.000000 41.250000
v 25.000004 40.000000 47.500000
v 24.999998 40.000000 52.500000
v 56.465000 40.000000 32.715004
v 60.000000 40.000000 36.250000
f 3 4 1
f 4 1 1
f 1 2 1
f 2 7 1
f 8 6 1
f 9 8 1
f 7 10 1
f 6 5 1
f 5 11 1
f 12 3 1
f 11 12 4
f 10 9 4