
NUMPOLLIES 17

v 120.000000 0.000000 28.000002
v 111.250000 0.000000 28.000002
v 120.000000 0.000000 -11.999998
v 111.250000 0.000000 -12.000000
v 120.000000 0.000000 5.500000
v 120.000000 0.000000 10.500000
v 72.500015 0.000000 -12.000000
v 88.750015 0.000000 -11.999996
v 72.500000 0.000000 27.999998
v 76.250000 0.000000 28.000002
v 88.750000 0.000000 28.000006
v 100.000008 0.000000 -0.749994
v 100.000000 0.000000 16.750006
v 72.500000 0.000000 22.999996
v 86.250000 0.000000 23.000002
v 95.000000 0.000000 14.250006
v 95.000008 0.000000 1.750005
v 72.500015 0.000000 -7.000002
v 86.250008 0.000000 -6.999998
f 15 16 1
f 13 11 1
f 12 4 1
f 17 19 1
f 8 12 1
f 2 13 1
f 9 14 1
f 14 15 1
f 11 10 1
f 1 2 1
f 16 17 1
f 19 18 1
f 7 8 1
f 4 3 1
f 3 5 1
f 6 1 1
f 5 6 4