
NUMPOLLIES 35

v -73.750000 10.000000 38.000000
v -73.750000 10.000000 44.250000
v -70.000000 10.000000 38.000000
v -70.000000 10.000000 41.750000
v -67.500000 10.000000 50.500000
v -66.250000 10.000000 45.500000
v -63.750000 10.000000 45.500000
v -62.500004 10.000000 50.500000
v -60.000000 10.000000 38.000000
v -60.000000 10.000000 41.750000
v -56.250000 10.000000 38.000004
v -56.250004 10.000000 44.250004
v -45.000004 10.000000 26.750011
v -84.999992 10.000000 10.499997
v -85.000000 10.000000 26.749996
v -79.999992 10.000000 10.499999
v -80.000000 10.000000 24.250000
v -71.250000 10.000000 33.000000
v -58.750004 10.000000 33.000008
v -50.000004 10.000000 24.250010
v -27.500004 10.000000 -11.999996
v -27.500004 10.000000 -6.999996
v -45.000000 10.000000 -13.249998
v -50.000000 10.000000 -13.249998
v -43.750000 10.000000 -11.999998
v -51.250000 10.000000 -11.999998
v -43.750004 10.000000 -6.999998
v -51.250000 10.000000 -6.999998
v -45.000000 10.000000 -5.749998
v -50.000000 10.000000 -5.749998
v -15.000004 10.000000 -19.499998
v -20.000004 10.000000 -19.499998
v -7.500004 10.000000 -11.999998
v -7.500008 10.000000 -6.999998
v -15.000008 10.000000 0.500001
v -20.000004 10.000000 0.500000
f 26 24 1
f 30 28 1
f 27 29 1
f 23 25 1
f 32 31 1
f 33 34 1
f 35 36 1
f 21 32 1
f 34 35 1
f 31 33 1
f 36 22 1
f 25 21 1
f 22 27 1
f 24 23 1
f 28 26 1
f 20 30 1
f 29 13 1
f 16 17 1
f 15 14 1
f 18 19 1
f 9 3 1
f 3 4 1
f 10 9 1
f 4 6 1
f 7 10 1
f 6 7 1
f 5 2 1
f 12 8 1
f 8 5 1
f 2 1 1
f 11 12 1
f 13 11 1
f 19 20 1
f 17 18 1
f 1 15 1
